1.039151577
1.040960000
1.049151577
1.061440000
1.081920000
1.102400000
1.122880000
1.143360000
1.163840000
1.184320000
1.204800000
1.225280000
1.245760000
1.266240000
1.286720000
1.307200000
1.327680000
1.348160000
1.368640000
1.389120000
1.409600000
1.430080000
1.450560000
1.471040000
1.491520000
1.512000000
1.532480000
1.552960000
1.573440000
1.593920000
1.614400000
1.634880000
1.655360000
1.675840000
1.696320000
1.716800000
1.737280000
1.757760000
1.778240000
1.798720000
1.819200000
1.839680000
1.860160000
1.880640000
1.901120000
1.921600000
1.942080000
1.962560000
1.983040000
2.003520000
2.024000000
2.044480000
2.064960000
2.085440000
2.105920000
2.126400000
2.146880000
2.167360000
2.187840000
2.208320000
2.228800000
2.249280000
2.269760000
2.290240000
2.310720000
2.331200000
2.351680000
2.372160000
2.392640000
2.413120000
2.433600000
2.454080000
2.474560000
2.495040000
2.515520000
2.536000000
2.556480000
2.576960000
2.597440000
2.617920000
2.638400000
2.658880000
2.679360000
2.699840000
2.720320000
2.740800000
2.761280000
2.781760000
2.802240000
2.822720000
2.843200000
2.863680000
2.884160000
2.904640000
2.925120000
2.945600000
2.966080000
2.986560000
3.007040000
3.027520000
3.048000000
3.068480000
3.088960000
3.109440000
3.129920000
3.150400000
3.170880000
3.191360000
3.211840000
3.232320000
3.252800000
3.273280000
3.293760000
3.314240000
3.334720000
3.355200000
3.375680000
3.396160000
3.416640000
3.437120000
3.457600000
3.478080000
3.498560000
3.519040000
3.539520000
3.560000000
3.580480000
3.600960000
3.621440000
3.641920000
3.662400000
3.682880000
3.703360000
3.723840000
3.744320000
3.764800000
3.785280000
3.805760000
3.826240000
3.846720000
3.867200000
3.887680000
3.908160000
3.928640000
3.949120000
3.969600000
3.990080000
4.010560000
4.031040000
4.051520000
4.072000000
4.092480000
4.112960000
4.133440000
4.153920000
4.174400000
4.194880000
4.215360000
4.235840000
4.256320000
4.276800000
4.297280000
4.317760000
4.338240000
4.358720000
4.379200000
4.399680000
4.420160000
4.440640000
4.461120000
4.481600000
4.502080000
4.522560000
4.543040000
4.563520000
4.584000000
4.604480000
4.624960000
4.645440000
4.665920000
4.686400000
4.706880000
4.727360000
4.747840000
4.768320000
4.788800000
4.809280000
4.829760000
4.850240000
4.870720000
4.891200000
4.911680000
4.932160000
4.952640000
4.973120000
4.993600000
5.014080000
5.034560000
5.055040000
5.075520000
5.096000000
5.116480000
5.136960000
5.157440000
5.177920000
5.198400000
5.218880000
5.239360000
5.259840000
5.280320000
5.300800000
5.321280000
5.341760000
5.362240000
5.382720000
5.403200000
5.423680000
5.444160000
5.464640000
5.485120000
5.505600000
5.526080000
5.546560000
5.567040000
5.587520000
5.608000000
5.628480000
5.648960000
5.669440000
5.689920000
5.710400000
5.730880000
5.751360000
5.771840000
5.792320000
5.812800000
5.833280000
5.853760000
5.874240000
5.894720000
5.915200000
5.935680000
5.956160000
5.976640000
5.997120000
6.017600000
6.038080000
6.058560000
6.079040000
6.099520000
6.120000000
6.140480000
6.160960000
6.181440000
6.201920000
6.222400000
6.242880000
6.263360000
6.283840000
6.304320000
6.324800000
6.345280000
6.365760000
6.386240000
6.406720000
6.427200000
6.447680000
6.468160000
6.488640000
6.509120000
6.566722438
6.570560000
6.576722438
6.591040000
6.611520000
6.632000000
6.652480000
6.672960000
6.693440000
6.713920000
6.734400000
6.754880000
6.775360000
6.795840000
6.816320000
6.836800000
6.857280000
6.877760000
6.898240000
6.918720000
6.939200000
6.959680000
6.980160000
7.000640000
7.021120000
7.041600000
7.062080000
7.082560000
7.103040000
7.123520000
7.144000000
7.164480000
7.184960000
7.205440000
7.225920000
7.246400000
7.266880000
7.287360000
7.307840000
7.328320000
7.348800000
7.369280000
7.389760000
7.410240000
7.430720000
7.451200000
7.471680000
7.492160000
7.512640000
7.533120000
7.553600000
7.574080000
7.594560000
7.615040000
7.635520000
7.656000000
7.676480000
7.696960000
7.717440000
7.737920000
7.758400000
7.778880000
7.799360000
7.819840000
7.840320000
7.860800000
7.881280000
7.901760000
7.922240000
7.942720000
7.963200000
7.983680000
8.004160000
8.024640000
8.045120000
8.065600000
8.086080000
8.106560000
8.127040000
8.147520000
8.168000000
8.188480000
8.208960000
8.229440000
8.249920000
8.270400000
8.290880000
8.311360000
8.331840000
8.352320000
8.372800000
8.393280000
8.413760000
8.434240000
8.454720000
8.475200000
8.495680000
8.516160000
8.536640000
8.557120000
8.577600000
8.598080000
8.618560000
8.639040000
8.659520000
8.680000000
8.700480000
8.720960000
8.741440000
8.761920000
8.782400000
8.802880000
8.823360000
8.843840000
8.864320000
8.884800000
8.905280000
8.925760000
8.946240000
8.966720000
8.987200000
9.007680000
9.028160000
9.048640000
9.069120000
9.089600000
9.110080000
9.130560000
9.151040000
9.171520000
9.192000000
9.212480000
9.232960000
9.253440000
9.273920000
9.294400000
9.314880000
9.335360000
9.355840000
9.376320000
9.396800000
9.417280000
9.437760000
9.458240000
9.478720000
9.499200000
9.519680000
9.540160000
9.560640000
9.581120000
9.601600000
9.622080000
9.642560000
9.663040000
9.683520000
9.704000000
9.724480000
9.744960000
9.765440000
9.785920000
9.806400000
9.826880000
9.847360000
9.867840000
9.888320000
9.908800000
9.929280000
9.949760000
9.970240000
9.990720000
18.456619394
18.466619394
18.468160000
18.476619394
18.486619394
18.488640000
18.496619394
18.506619394
18.509120000
18.516619394
18.526619394
18.529600000
18.536619394
18.546619394
18.550080000
18.556619394
18.566619394
18.570560000
18.576619394
18.586619394
18.591040000
18.596619394
18.606619394
18.611520000
18.616619394
18.626619394
18.632000000
18.636619394
18.646619394
18.652480000
18.656619394
18.666619394
18.672960000
18.676619394
18.686619394
18.693440000
18.696619394
18.706619394
18.713920000
18.716619394
18.726619394
18.734400000
18.736619394
18.746619394
18.754880000
18.756619394
18.766619394
18.775360000
18.776619394
18.786619394
18.795840000
18.796619394
18.806619394
18.816320000
18.816619394
18.826619394
18.836619394
18.836800000
18.846619394
18.856619394
18.857280000
18.866619394
18.876619394
18.877760000
18.886619394
18.896619394
18.898240000
18.906619394
18.916619394
18.918720000
18.926619394
18.936619394
18.939200000
18.946619394
18.956619394
18.959680000
18.966619394
18.976619394
18.980160000
18.986619394
18.996619394
19.000640000
19.006619394
19.016619394
19.021120000
19.026619394
19.036619394
19.041600000
19.046619394
19.056619394
19.062080000
19.066619394
19.076619394
19.082560000
19.086619394
19.103040000
19.123520000
19.144000000
19.164480000
19.184960000
19.205440000
19.225920000
19.246400000
19.266880000
19.287360000
19.307840000
19.328320000
19.348800000
19.369280000
19.389760000
19.410240000
19.430720000
19.451200000
19.471680000
19.492160000
19.512640000
19.533120000
19.553600000
19.574080000
19.594560000
19.615040000
19.635520000
19.656000000
19.676480000
19.696960000
19.717440000
19.737920000
19.758400000
19.778880000
19.799360000
19.819840000
19.840320000
19.860800000
19.881280000
19.901760000
19.922240000
19.942720000
19.963200000
19.983680000
20.004160000
20.024640000
20.045120000
20.065600000
20.086080000
20.106560000
20.127040000
20.147520000
20.168000000
20.188480000
20.208960000
20.229440000
20.249920000
20.270400000
20.290880000
20.311360000
20.331840000
20.352320000
20.372800000
20.393280000
20.413760000
20.434240000
20.454720000
20.475200000
20.495680000
20.516160000
20.536640000
20.557120000
20.577600000
20.598080000
20.618560000
20.639040000
20.659520000
20.680000000
20.700480000
20.720960000
20.741440000
20.761920000
20.782400000
20.802880000
20.823360000
20.843840000
20.864320000
20.884800000
20.905280000
20.925760000
20.946240000
20.966720000
20.987200000
21.007680000
21.028160000
21.048640000
21.069120000
21.089600000
21.110080000
21.130560000
21.151040000
21.171520000
21.192000000
21.212480000
21.232960000
21.253440000
21.273920000
21.294400000
21.314880000
21.335360000
21.355840000
21.376320000
21.396800000
21.417280000
21.437760000
21.458240000
21.478720000
21.499200000
21.519680000
21.540160000
21.560640000
21.581120000
21.601600000
21.622080000
21.642560000
21.663040000
21.683520000
21.704000000
21.724480000
21.744960000
21.765440000
21.785920000
21.806400000
21.826880000
21.847360000
21.867840000
21.888320000
21.908800000
21.929280000
21.949760000
21.970240000
21.990720000
25.042268612
25.052268612
25.061440000
25.062268612
25.081920000
25.102400000
25.122880000
25.143360000
25.163840000
25.184320000
25.204800000
25.225280000
25.245760000
25.266240000
25.286720000
25.307200000
25.327680000
25.348160000
25.368640000
25.389120000
25.409600000
25.430080000
25.450560000
25.471040000
25.491520000
25.512000000
25.532480000
25.552960000
25.573440000
25.593920000
25.614400000
25.634880000
25.655360000
25.675840000
25.696320000
25.716800000
25.737280000
25.757760000
25.778240000
25.798720000
25.819200000
25.839680000
25.860160000
25.880640000
25.901120000
25.921600000
25.942080000
25.962560000
25.983040000
26.003520000
26.024000000
26.044480000
26.064960000
26.085440000
26.105920000
26.126400000
26.146880000
26.167360000
26.187840000
26.208320000
26.228800000
26.249280000
26.269760000
26.290240000
26.310720000
26.331200000
26.351680000
26.372160000
26.392640000
26.413120000
26.433600000
26.454080000
26.474560000
26.495040000
26.515520000
26.536000000
26.556480000
26.576960000
26.597440000
26.617920000
26.638400000
26.658880000
26.679360000
26.699840000
26.720320000
26.740800000
26.761280000
26.781760000
26.802240000
26.822720000
26.843200000
26.863680000
26.884160000
26.904640000
26.925120000
26.945600000
26.966080000
26.986560000
27.007040000
27.027520000
27.048000000
27.068480000
27.088960000
27.109440000
27.129920000
27.150400000
27.170880000
27.191360000
27.211840000
27.232320000
27.252800000
27.273280000
27.293760000
27.314240000
27.334720000
27.355200000
27.375680000
27.396160000
27.416640000
27.437120000
27.457600000
27.478080000
27.498560000
27.519040000
27.539520000
27.560000000
27.580480000
27.600960000
27.621440000
27.641920000
27.662400000
27.682880000
27.703360000
27.723840000
27.744320000
27.764800000
27.785280000
27.805760000
27.826240000
27.846720000
27.867200000
27.887680000
27.908160000
27.928640000
27.949120000
27.969600000
27.990080000
28.010560000
28.031040000
28.051520000
28.072000000
28.092480000
28.112960000
28.133440000
28.153920000
28.174400000
28.194880000
28.215360000
28.235840000
28.256320000
28.276800000
28.297280000
28.317760000
28.338240000
28.358720000
28.379200000
28.399680000
28.471862192
28.481600000
28.481862192
28.491862192
28.502080000
28.522560000
28.543040000
28.563520000
28.584000000
28.604480000
28.624960000
28.645440000
28.665920000
28.686400000
28.706880000
28.727360000
28.747840000
28.768320000
28.788800000
28.809280000
28.829760000
28.850240000
28.870720000
28.891200000
28.911680000
28.932160000
28.952640000
28.973120000
28.993600000
29.014080000
29.034560000
29.055040000
29.075520000
29.096000000
29.116480000
29.136960000
29.157440000
29.177920000
29.198400000
29.218880000
29.239360000
29.259840000
29.280320000
29.300800000
29.321280000
29.341760000
29.362240000
29.382720000
29.403200000
29.423680000
29.444160000
29.464640000
29.485120000
29.505600000
29.526080000
29.546560000
29.567040000
29.587520000
29.608000000
29.628480000
29.648960000
29.669440000
29.689920000
29.710400000
29.730880000
29.751360000
29.771840000
29.792320000
29.812800000
29.833280000
29.853760000
29.874240000
29.894720000
29.915200000
29.935680000
29.956160000
29.976640000
29.997120000
30.017600000
30.038080000
30.058560000
30.079040000
30.099520000
30.120000000
30.140480000
30.160960000
30.181440000
30.201920000
30.222400000
30.242880000
30.263360000
30.283840000
30.304320000
30.324800000
30.345280000
30.365760000
30.386240000
30.406720000
30.427200000
30.447680000
30.468160000
30.488640000
30.509120000
30.529600000
30.550080000
30.570560000
30.591040000
30.611520000
30.632000000
30.652480000
30.672960000
30.693440000
30.713920000
30.734400000
30.754880000
30.775360000
30.795840000
30.816320000
30.836800000
30.857280000
30.877760000
30.898240000
30.918720000
30.939200000
30.959680000
30.980160000
31.000640000
31.021120000
31.041600000
31.062080000
31.082560000
31.103040000
31.123520000
31.144000000
31.164480000
31.184960000
31.205440000
31.225920000
31.246400000
31.266880000
31.287360000
31.307840000
31.328320000
31.348800000
31.369280000
31.389760000
31.410240000
31.430720000
31.451200000
31.471680000
31.492160000
31.512640000
31.533120000
31.553600000
31.574080000
31.594560000
31.615040000
31.635520000
31.656000000
31.676480000
31.696960000
31.717440000
31.737920000
31.758400000
31.778880000
31.799360000
31.819840000
31.840320000
31.860800000
31.881280000
31.901760000
31.922240000
31.942720000
31.963200000
31.983680000
32.004160000
32.024640000
32.045120000
32.065600000
32.086080000
32.106560000
32.127040000
32.147520000
32.168000000
32.188480000
32.208960000
32.229440000
32.249920000
32.270400000
32.290880000
32.311360000
32.331840000
32.352320000
32.372800000
32.393280000
32.413760000
32.434240000
32.454720000
32.475200000
32.495680000
32.516160000
32.536640000
32.557120000
32.577600000
32.598080000
32.618560000
32.639040000
32.659520000
32.680000000
32.700480000
32.720960000
32.741440000
32.761920000
32.782400000
32.802880000
32.823360000
32.843840000
32.864320000
32.884800000
32.905280000
32.925760000
32.946240000
32.966720000
32.987200000
33.007680000
33.028160000
33.048640000
33.069120000
33.089600000
33.110080000
33.130560000
33.151040000
33.171520000
33.192000000
33.212480000
33.232960000
33.253440000
33.273920000
33.294400000
33.314880000
33.335360000
33.355840000
33.376320000
33.396800000
33.417280000
33.437760000
33.458240000
33.478720000
33.499200000
33.519680000
33.540160000
33.560640000
33.581120000
33.601600000
33.622080000
33.642560000
33.663040000
33.683520000
33.704000000
33.724480000
33.744960000
33.765440000
33.785920000
33.806400000
33.826880000
33.847360000
33.867840000
33.888320000
33.908800000
33.929280000
33.949760000
33.970240000
33.990720000
34.011200000
34.031680000
34.052160000
34.072640000
34.093120000
34.113600000
34.134080000
34.154560000
34.175040000
34.195520000
34.216000000
34.236480000
34.256960000
34.277440000
34.297920000
34.318400000
34.338880000
34.359360000
34.379840000
34.400320000
34.420800000
34.441280000
34.461760000
34.482240000
34.502720000
34.523200000
34.543680000
34.564160000
34.584640000
34.605120000
34.625600000
34.646080000
34.666560000
34.687040000
34.707520000
34.728000000
34.748480000
34.768960000
34.789440000
34.809920000
34.830400000
34.850880000
34.871360000
34.891840000
34.912320000
34.932800000
34.953280000
34.973760000
34.994240000
1.375520774
1.408346993
1.457440774
1.457440774
1.539360774
1.539360774
1.621280774
1.621280774
1.703200774
1.703200774
1.785120774
1.785120774
1.867040774
1.867040774
1.948960774
1.948960774
2.030880774
2.030880774
2.112800774
2.112800774
2.194720774
2.194720774
2.276640774
2.276640774
2.358560774
2.358560774
2.440480774
2.440480774
2.522400774
2.522400774
2.604320774
2.604320774
2.686240774
2.686240774
2.768160774
2.768160774
2.850080774
2.850080774
2.932000774
2.932000774
3.013920774
3.013920774
3.095840774
3.095840774
3.177760774
3.177760774
3.259680774
3.259680774
3.341600774
3.341600774
3.423520774
3.423520774
3.505440774
3.505440774
3.587360774
3.587360774
3.669280774
3.669280774
3.751200774
3.751200774
3.833120774
3.833120774
3.915040774
3.915040774
3.996960774
3.996960774
4.078880774
4.078880774
4.160800774
4.160800774
4.242720774
4.242720774
4.324640774
4.324640774
4.406560774
4.406560774
4.488480774
4.488480774
4.570400774
4.570400774
4.652320774
4.652320774
4.734240774
4.734240774
4.816160774
4.816160774
4.898080774
4.898080774
4.980000774
4.980000774
5.061920774
5.061920774
5.143840774
5.143840774
5.225760774
5.225760774
5.307680774
5.307680774
5.573095918
5.573095918
5.655015918
5.655015918
5.736935918
5.736935918
6.159377701
6.159377701
6.241297701
6.241297701
6.323217701
6.323217701
6.405137701
6.405137701
6.487057701
6.487057701
6.568977701
6.568977701
6.650897701
6.650897701
6.732817701
6.732817701
6.814737701
6.814737701
6.911832378
6.911832378
8.897851465
8.897851465
9.625868581
9.625868581
9.707788581
9.707788581
9.789708581
9.789708581
9.871628581
9.871628581
9.953548581
9.953548581
13.602856891
13.684776891
13.841821956
13.923741956
14.005661956
14.087581956
14.169501956
14.251421956
14.487718998
14.569638998
14.651558998
15.519832579
15.601752579
15.683672579
15.765592579
15.847512579
15.929432579
16.204128472
16.286048472
16.367968472
16.449888472
17.845301165
19.006677072
19.113006670
19.160276638
19.170276638
19.180276638
19.190276638
19.200276638
19.210276638
19.220276638
19.230276638
19.240276638
19.250276638
19.260276638
19.270276638
19.280276638
19.290276638
19.300276638
19.310276638
19.320276638
19.330276638
19.340276638
19.350276638
19.360276638
19.370276638
19.380276638
19.390276638
19.919209212
19.919209212
20.001129212
20.001129212
20.083049212
20.083049212
20.164969212
20.164969212
20.805431937
20.805431937
21.845039792
21.845039792
21.926959792
21.926959792
25.306205335
25.348656491
25.388125335
25.388125335
25.470045335
25.470045335
25.551965335
25.551965335
25.633885335
25.633885335
25.715805335
25.715805335
25.797725335
25.797725335
25.879645335
25.879645335
26.356690807
26.356690807
26.595746732
26.595746732
26.919259629
26.919259629
27.001179629
27.001179629
27.083099629
27.083099629
27.165019629
27.165019629
27.246939629
27.246939629
27.328859629
27.328859629
27.410779629
27.410779629
27.492699629
27.492699629
27.574619629
27.574619629
27.656539629
27.656539629
27.738459629
27.738459629
27.820379629
27.820379629
27.902299629
27.902299629
27.984219629
27.984219629
28.066139629
28.066139629
28.148059629
28.148059629
28.229979629
28.229979629
28.311899629
28.311899629
28.393819629
28.393819629
28.475739629
28.475739629
28.557659629
28.557659629
28.681067924
28.681067924
28.762987924
28.762987924
28.844907924
28.844907924
29.294082944
29.294082944
29.376002944
29.376002944
29.457922944
29.457922944
29.539842944
29.539842944
29.765425738
29.765425738
29.847345738
29.847345738
29.929265738
29.929265738
30.389383977
30.389383977
30.471303977
30.471303977
30.553223977
30.553223977
30.635143977
30.635143977
30.717063977
30.717063977
30.798983977
30.798983977
30.880903977
30.880903977
30.962823977
30.962823977
31.044743977
31.044743977
31.126663977
31.126663977
31.208583977
31.208583977
31.290503977
31.290503977
31.372423977
31.372423977
31.454343977
31.454343977
31.634236414
31.634236414
31.819772869
31.819772869
32.276468964
32.276468964
32.358388964
32.358388964
32.726618058
32.726618058
32.808538058
32.808538058
32.890458058
32.890458058
32.972378058
32.972378058
33.153204137
33.153204137
33.235124137
33.235124137
33.317044137
33.317044137
34.146759996
34.146759996
34.228679996
34.228679996
34.310599996
34.310599996
34.392519996
34.392519996
34.474439996
34.474439996
34.556359996
34.556359996
34.638279996
34.638279996
34.720199996
34.720199996
34.802119996
34.802119996
34.884039996
34.884039996
34.965959996
34.965959996
1.334560774
1.367386994
1.375520774
1.375520774
1.416480774
1.416480774
1.457440774
1.457440774
1.498400774
1.498400774
1.539360774
1.539360774
1.580320774
1.580320774
1.621280774
1.621280774
1.662240774
1.662240774
1.703200774
1.703200774
1.744160774
1.744160774
1.785120774
1.785120774
1.826080774
1.826080774
1.867040774
1.867040774
1.908000774
1.908000774
1.948960774
1.948960774
1.989920774
1.989920774
2.030880774
2.030880774
2.071840774
2.071840774
2.112800774
2.112800774
2.153760774
2.153760774
2.194720774
2.194720774
2.235680774
2.235680774
2.276640774
2.276640774
2.317600774
2.317600774
2.358560774
2.358560774
2.399520774
2.399520774
2.440480774
2.440480774
2.481440774
2.481440774
2.522400774
2.522400774
2.563360774
2.563360774
2.604320774
2.604320774
2.645280774
2.645280774
2.686240774
2.686240774
2.727200774
2.727200774
2.768160774
2.768160774
2.809120774
2.809120774
2.850080774
2.850080774
2.891040774
2.891040774
2.932000774
2.932000774
2.972960774
2.972960774
3.013920774
3.013920774
3.054880774
3.054880774
3.095840774
3.095840774
3.136800774
3.136800774
3.177760774
3.177760774
3.218720774
3.218720774
3.259680774
3.259680774
3.300640774
3.300640774
3.341600774
3.341600774
3.382560774
3.382560774
3.423520774
3.423520774
3.464480774
3.464480774
3.505440774
3.505440774
3.546400774
3.546400774
3.587360774
3.587360774
3.628320774
3.628320774
3.669280774
3.669280774
3.710240774
3.710240774
3.751200774
3.751200774
3.792160774
3.792160774
3.833120774
3.833120774
3.874080774
3.874080774
3.915040774
3.915040774
3.956000774
3.956000774
3.996960774
3.996960774
4.037920774
4.037920774
4.078880774
4.078880774
4.119840774
4.119840774
4.160800774
4.160800774
4.201760774
4.201760774
4.242720774
4.242720774
4.283680774
4.283680774
4.324640774
4.324640774
4.365600774
4.365600774
4.406560774
4.406560774
4.447520774
4.447520774
4.488480774
4.488480774
4.529440774
4.529440774
4.570400774
4.570400774
4.611360774
4.611360774
4.652320774
4.652320774
4.693280774
4.693280774
4.734240774
4.734240774
4.775200774
4.775200774
4.816160774
4.816160774
4.857120774
4.857120774
4.898080774
4.898080774
4.939040774
4.939040774
4.980000774
4.980000774
5.020960774
5.020960774
5.061920774
5.061920774
5.102880774
5.102880774
5.143840774
5.143840774
5.184800774
5.184800774
5.225760774
5.225760774
5.266720774
5.266720774
5.307680774
5.307680774
5.728326615
5.728326615
5.769286615
5.769286615
5.810246615
5.810246615
5.851206615
5.851206615
5.892166615
5.892166615
5.933126615
5.933126615
5.974086615
5.974086615
6.015046615
6.015046615
6.056006615
6.056006615
6.096966615
6.096966615
6.137926615
6.137926615
6.178886615
6.178886615
6.409522255
6.409522255
6.450482255
6.450482255
6.491442255
6.491442255
6.532402255
6.532402255
6.573362255
6.573362255
6.614322255
6.614322255
6.655282255
6.655282255
6.696242255
6.696242255
6.737202255
6.737202255
6.778162255
6.778162255
6.819122255
6.819122255
6.860082255
6.860082255
6.901042255
6.901042255
6.942002255
6.942002255
6.982962255
6.982962255
7.023922255
7.023922255
7.064882255
7.064882255
7.105842255
7.105842255
7.146802255
7.146802255
7.187762255
7.187762255
7.228722255
7.228722255
7.269682255
7.269682255
7.310642255
7.310642255
7.351602255
7.351602255
7.392562255
7.392562255
7.433522255
7.433522255
7.474482255
7.474482255
7.515442255
7.515442255
7.556402255
7.556402255
7.597362255
7.597362255
7.638322255
7.638322255
7.679282255
7.679282255
7.720242255
7.720242255
7.761202255
7.761202255
7.802162255
7.802162255
7.843122255
7.843122255
7.884082255
7.884082255
7.925042255
7.925042255
7.966002255
7.966002255
8.006962255
8.006962255
8.047922255
8.047922255
8.088882255
8.088882255
8.129842255
8.129842255
8.170802255
8.170802255
8.211762255
8.211762255
8.252722255
8.252722255
8.293682255
8.293682255
8.334642255
8.334642255
8.375602255
8.375602255
8.416562255
8.416562255
8.457522255
8.457522255
8.498482255
8.498482255
8.539442255
8.539442255
8.580402255
8.580402255
8.621362255
8.621362255
8.662322255
8.662322255
8.908958268
8.908958268
8.949918268
8.949918268
8.990878268
8.990878268
9.031838268
9.031838268
9.072798268
9.072798268
9.113758268
9.113758268
9.154718268
9.154718268
9.653910519
9.653910519
9.694870519
9.694870519
9.735830519
9.735830519
9.776790519
9.776790519
9.817750519
9.817750519
9.858710519
9.858710519
9.899670519
9.899670519
9.940630519
9.940630519
9.981590519
9.981590519
13.336083317
13.377043317
13.418003317
13.458963317
13.499923317
13.540883317
13.581843317
13.622803317
13.663763317
15.256728117
15.297688117
15.302799404
15.312799404
15.322799404
15.332799404
15.338648117
15.338648117
15.342799404
15.352799404
15.362799404
15.372799404
15.379608117
15.379608117
15.382799404
15.392799404
15.402799404
15.420568117
15.420568117
15.461528117
15.461528117
15.502488117
15.502488117
15.543448117
15.543448117
15.584408117
15.584408117
15.625368117
15.625368117
15.666328117
15.666328117
15.707288117
15.707288117
15.748248117
15.748248117
15.789208117
15.789208117
15.830168117
15.830168117
15.871128117
15.871128117
15.912088117
15.912088117
15.953048117
15.953048117
17.036339483
17.036339483
17.077299483
17.077299483
17.118259483
17.118259483
17.159219483
17.159219483
17.484807096
17.484807096
17.525767096
17.525767096
17.566727096
17.566727096
17.607687096
17.607687096
17.648647096
17.648647096
17.689607096
17.689607096
17.730567096
17.730567096
19.461609213
19.461609213
19.502569213
19.502569213
19.543529213
19.543529213
19.584489213
19.584489213
19.625449213
19.625449213
19.666409213
19.666409213
19.707369213
19.707369213
19.748329213
19.748329213
19.789289213
19.789289213
19.830249213
19.830249213
19.871209213
19.871209213
19.912169213
19.912169213
20.040793018
20.040793018
20.081753018
20.081753018
20.122713018
20.122713018
20.163673018
20.163673018
20.204633018
20.204633018
20.245593018
20.245593018
20.286553018
20.286553018
20.327513018
20.327513018
20.368473018
20.368473018
20.409433018
20.409433018
20.450393018
20.450393018
20.491353018
20.491353018
20.532313018
20.532313018
20.573273018
20.573273018
20.614233018
20.614233018
20.655193018
20.655193018
20.696153018
20.696153018
20.737113018
20.737113018
20.778073018
20.778073018
20.819033018
20.819033018
20.859993018
20.859993018
20.900953018
20.900953018
20.941913018
20.941913018
20.982873018
20.982873018
21.023833018
21.023833018
21.064793018
21.064793018
21.105753018
21.105753018
21.146713018
21.146713018
21.187673018
21.187673018
21.311678923
21.311678923
21.352638923
21.352638923
21.393598923
21.393598923
21.434558923
21.434558923
21.976602278
21.976602278
25.773206502
25.814166502
25.855126502
25.896086502
26.001395532
26.256371920
26.297331920
26.338291920
26.633573084
26.674533084
26.715493084
26.756453084
26.797413084
26.838373084
26.879333084
26.920293084
26.961253084
27.002213084
27.043173084
27.084133084
27.125093084
27.339412864
27.380372864
27.421332864
27.462292864
27.503252864
27.544212864
27.585172864
27.626132864
27.630722550
27.640722550
27.650722550
27.660722550
27.667092864
27.667092864
27.670722550
27.680722550
27.690722550
27.700722550
27.710722550
27.720722550
27.730722550
27.740722550
27.744527564
27.744527564
27.750722550
27.760722550
27.770722550
27.780722550
27.785487564
27.785487564
27.790722550
27.800722550
27.810722550
27.820722550
27.826447564
27.826447564
27.830722550
27.840722550
27.850722550
27.860722550
27.867407564
27.867407564
27.870722550
27.880722550
27.890722550
27.900722550
27.908367564
27.908367564
27.910722550
27.949327564
27.949327564
27.990287564
27.990287564
28.031247564
28.031247564
28.072207564
28.072207564
28.113167564
28.113167564
28.154127564
28.154127564
28.195087564
28.195087564
28.236047564
28.236047564
28.277007564
28.277007564
28.317967564
28.317967564
28.358927564
28.358927564
29.263788398
29.263788398
29.304748398
29.304748398
29.345708398
29.345708398
29.386668398
29.386668398
29.427628398
29.427628398
29.468588398
29.468588398
29.509548398
29.509548398
29.550508398
29.550508398
29.591468398
29.591468398
29.632428398
29.632428398
29.673388398
29.673388398
29.714348398
29.714348398
30.062096441
30.062096441
30.103056441
30.103056441
30.144016441
30.144016441
30.184976441
30.184976441
30.805528093
30.805528093
30.846488093
30.846488093
30.887448093
30.887448093
30.928408093
30.928408093
30.969368093
30.969368093
31.010328093
31.010328093
31.051288093
31.051288093
31.092248093
31.092248093
31.730287220
31.730287220
32.339012070
32.339012070
32.379972070
32.379972070
32.420932070
32.420932070
32.461892070
32.461892070
32.502852070
32.502852070
32.543812070
32.543812070
32.584772070
32.584772070
32.625732070
32.625732070
32.666692070
32.666692070
32.707652070
32.707652070
32.748612070
32.748612070
32.789572070
32.789572070
32.830532070
32.830532070
32.871492070
32.871492070
32.912452070
32.912452070
32.953412070
32.953412070
32.994372070
32.994372070
33.035332070
33.035332070
33.076292070
33.076292070
33.117252070
33.117252070
33.158212070
33.158212070
33.199172070
33.199172070
33.240132070
33.240132070
33.281092070
33.281092070
33.322052070
33.322052070
33.363012070
33.363012070
33.403972070
33.403972070
33.444932070
33.444932070
33.722133588
33.722133588
33.763093588
33.763093588
34.180954191
34.180954191
34.221914191
34.221914191
34.262874191
34.262874191
34.303834191
34.303834191
34.344794191
34.344794191
34.385754191
34.385754191
34.426714191
34.426714191
34.467674191
34.467674191
34.508634191
34.508634191
1.320907440
1.348214107
1.353733661
1.363733661
1.375520774
1.375520774
1.402827440
1.402827440
1.430134107
1.430134107
1.457440774
1.457440774
1.484747440
1.484747440
1.512054107
1.512054107
1.539360774
1.539360774
1.566667440
1.566667440
1.593974107
1.593974107
1.621280774
1.621280774
1.648587440
1.648587440
1.675894107
1.675894107
1.703200774
1.703200774
1.730507440
1.730507440
1.757814107
1.757814107
1.785120774
1.785120774
1.812427440
1.812427440
1.839734107
1.839734107
1.867040774
1.867040774
1.894347440
1.894347440
1.921654107
1.921654107
1.948960774
1.948960774
1.976267440
1.976267440
2.003574107
2.003574107
2.030880774
2.030880774
2.058187440
2.058187440
2.085494107
2.085494107
2.112800774
2.112800774
2.140107440
2.140107440
2.167414107
2.167414107
2.194720774
2.194720774
2.222027440
2.222027440
2.249334107
2.249334107
2.276640774
2.276640774
2.303947440
2.303947440
2.331254107
2.331254107
2.358560774
2.358560774
2.385867440
2.385867440
2.413174107
2.413174107
2.440480774
2.440480774
2.467787440
2.467787440
2.495094107
2.495094107
2.522400774
2.522400774
2.549707440
2.549707440
2.577014107
2.577014107
2.604320774
2.604320774
2.631627440
2.631627440
2.658934107
2.658934107
2.686240774
2.686240774
2.713547440
2.713547440
2.740854107
2.740854107
2.768160774
2.768160774
2.795467440
2.795467440
2.822774107
2.822774107
2.850080774
2.850080774
2.877387440
2.877387440
2.904694107
2.904694107
2.932000774
2.932000774
2.959307440
2.959307440
2.986614107
2.986614107
3.013920774
3.013920774
3.041227440
3.041227440
3.068534107
3.068534107
3.095840774
3.095840774
3.123147440
3.123147440
3.150454107
3.150454107
3.177760774
3.177760774
3.205067440
3.205067440
3.232374107
3.232374107
3.259680774
3.259680774
3.286987440
3.286987440
3.314294107
3.314294107
3.341600774
3.341600774
3.368907440
3.368907440
3.396214107
3.396214107
3.423520774
3.423520774
3.450827440
3.450827440
3.478134107
3.478134107
3.505440774
3.505440774
3.532747440
3.532747440
3.560054107
3.560054107
3.587360774
3.587360774
3.614667440
3.614667440
3.641974107
3.641974107
3.669280774
3.669280774
3.696587440
3.696587440
3.723894107
3.723894107
3.751200774
3.751200774
3.778507440
3.778507440
3.805814107
3.805814107
3.833120774
3.833120774
3.860427440
3.860427440
3.887734107
3.887734107
3.915040774
3.915040774
3.942347440
3.942347440
3.969654107
3.969654107
3.996960774
3.996960774
4.024267440
4.024267440
4.051574107
4.051574107
4.078880774
4.078880774
4.106187440
4.106187440
4.133494107
4.133494107
4.160800774
4.160800774
4.188107440
4.188107440
4.215414107
4.215414107
4.242720774
4.242720774
4.270027440
4.270027440
4.297334107
4.297334107
4.324640774
4.324640774
4.351947440
4.351947440
4.379254107
4.379254107
4.406560774
4.406560774
4.433867440
4.433867440
4.461174107
4.461174107
4.488480774
4.488480774
4.515787440
4.515787440
4.543094107
4.543094107
4.570400774
4.570400774
4.597707440
4.597707440
4.625014107
4.625014107
4.652320774
4.652320774
4.679627440
4.679627440
4.706934107
4.706934107
4.734240774
4.734240774
4.761547440
4.761547440
4.788854107
4.788854107
4.816160774
4.816160774
4.843467440
4.843467440
4.870774107
4.870774107
4.898080774
4.898080774
4.925387440
4.925387440
4.952694107
4.952694107
4.980000774
4.980000774
5.007307440
5.007307440
5.034614107
5.034614107
5.061920774
5.061920774
5.089227440
5.089227440
5.116534107
5.116534107
5.143840774
5.143840774
5.171147440
5.171147440
5.198454107
5.198454107
5.225760774
5.225760774
5.253067440
5.253067440
5.280374107
5.280374107
6.074157584
6.074157584
6.101464251
6.101464251
6.128770917
6.128770917
6.156077584
6.156077584
6.183384251
6.183384251
6.210690917
6.210690917
6.237997584
6.237997584
6.265304251
6.265304251
6.292610917
6.292610917
6.319917584
6.319917584
6.347224251
6.347224251
6.374530917
6.374530917
6.401837584
6.401837584
6.429144251
6.429144251
6.456450917
6.456450917
6.483757584
6.483757584
6.511064251
6.511064251
6.538370917
6.538370917
6.565677584
6.565677584
6.592984251
6.592984251
6.620290917
6.620290917
6.647597584
6.647597584
6.674904251
6.674904251
6.702210917
6.702210917
6.729517584
6.729517584
6.756824251
6.756824251
6.784130917
6.784130917
6.811437584
6.811437584
6.838744251
6.838744251
6.866050917
6.866050917
6.893357584
6.893357584
6.941663221
6.941663221
6.968969888
6.968969888
6.996276555
6.996276555
7.023583221
7.023583221
7.050889888
7.050889888
7.078196555
7.078196555
7.105503221
7.105503221
7.132809888
7.132809888
7.160116555
7.160116555
7.187423221
7.187423221
7.214729888
7.214729888
7.242036555
7.242036555
7.269343221
7.269343221
7.296649888
7.296649888
7.396474594
7.396474594
7.423781261
7.423781261
7.451087927
7.451087927
7.478394594
7.478394594
7.505701261
7.505701261
7.533007927
7.533007927
7.560314594
7.560314594
7.587621261
7.587621261
7.614927927
7.614927927
7.642234594
7.642234594
7.669541261
7.669541261
7.696847927
7.696847927
7.724154594
7.724154594
7.751461261
7.751461261
7.778767927
7.778767927
7.806074594
7.806074594
7.833381261
7.833381261
7.860687927
7.860687927
7.887994594
7.887994594
7.915301261
7.915301261
7.942607927
7.942607927
7.969914594
7.969914594
7.997221261
7.997221261
8.024527927
8.024527927
8.051834594
8.051834594
8.079141261
8.079141261
8.106447927
8.106447927
8.133754594
8.133754594
8.161061261
8.161061261
8.188367927
8.188367927
8.215674594
8.215674594
8.242981261
8.242981261
8.270287927
8.270287927
8.297594594
8.297594594
8.324901261
8.324901261
8.352207927
8.352207927
8.665504663
8.665504663
8.692811330
8.692811330
8.720117997
8.720117997
8.747424663
8.747424663
8.774731330
8.774731330
8.802037997
8.802037997
8.829344663
8.829344663
8.856651330
8.856651330
8.883957997
8.883957997
8.911264663
8.911264663
8.938571330
8.938571330
8.965877997
8.965877997
8.993184663
8.993184663
9.020491330
9.020491330
9.047797997
9.047797997
9.075104663
9.075104663
9.102411330
9.102411330
9.129717997
9.129717997
9.157024663
9.157024663
9.184331330
9.184331330
9.211637997
9.211637997
9.238944663
9.238944663
9.266251330
9.266251330
13.450029840
13.477336507
13.504643173
13.531949840
14.280738485
14.308045152
14.335351818
14.362658485
14.389965152
14.571152306
14.598458973
14.625765640
14.653072306
14.680378973
14.707685640
14.734992306
14.762298973
14.789605640
14.816912306
14.844218973
15.505288626
15.515288626
15.525288626
15.535288626
15.545288626
15.555288626
15.565288626
15.575288626
15.585288626
15.595288626
15.605288626
15.615288626
15.625288626
15.635288626
15.645288626
15.655288626
15.665288626
15.675288626
15.685288626
15.695288626
15.842374807
15.842374807
15.869681473
15.869681473
15.896988140
15.896988140
15.924294807
15.924294807
17.000403088
17.000403088
17.027709754
17.027709754
17.055016421
17.055016421
17.082323088
17.082323088
17.109629754
17.109629754
17.136936421
17.136936421
17.164243088
17.164243088
17.191549754
17.191549754
17.218856421
17.218856421
17.246163088
17.246163088
17.273469754
17.273469754
17.300776421
17.300776421
17.328083088
17.328083088
17.355389754
17.355389754
17.809221482
17.809221482
17.836528149
17.836528149
18.353413012
18.353413012
18.380719679
18.380719679
18.408026346
18.408026346
18.435333012
18.435333012
18.462639679
18.462639679
18.489946346
18.489946346
18.917984786
18.917984786
18.945291452
18.945291452
19.233324306
19.233324306
19.260630973
19.260630973
19.287937640
19.287937640
19.315244306
19.315244306
19.342550973
19.342550973
19.369857640
19.369857640
19.397164306
19.397164306
19.424470973
19.424470973
19.451777640
19.451777640
19.479084306
19.479084306
19.506390973
19.506390973
19.533697640
19.533697640
19.561004306
19.561004306
19.588310973
19.588310973
19.615617640
19.615617640
19.642924306
19.642924306
19.670230973
19.670230973
19.697537640
19.697537640
19.724844306
19.724844306
19.752150973
19.752150973
19.779457640
19.779457640
19.806764306
19.806764306
19.834070973
19.834070973
19.861377640
19.861377640
19.888684306
19.888684306
20.096836000
20.096836000
20.124142666
20.124142666
20.151449333
20.151449333
20.178756000
20.178756000
20.206062666
20.206062666
20.233369333
20.233369333
20.260676000
20.260676000
20.287982666
20.287982666
20.315289333
20.315289333
20.342596000
20.342596000
20.369902666
20.369902666
20.397209333
20.397209333
20.424516000
20.424516000
20.451822666
20.451822666
20.531170890
20.531170890
20.558477557
20.558477557
20.585784224
20.585784224
20.613090890
20.613090890
20.640397557
20.640397557
20.667704224
20.667704224
20.695010890
20.695010890
20.722317557
20.722317557
20.749624224
20.749624224
20.776930890
20.776930890
20.804237557
20.804237557
20.831544224
20.831544224
20.858850890
20.858850890
20.886157557
20.886157557
20.913464224
20.913464224
20.940770890
20.940770890
20.968077557
20.968077557
20.995384224
20.995384224
21.022690890
21.022690890
21.059020686
21.059020686
21.086327353
21.086327353
21.113634019
21.113634019
21.140940686
21.140940686
21.168247353
21.168247353
21.195554019
21.195554019
21.222860686
21.222860686
21.250167353
21.250167353
21.277474019
21.277474019
21.304780686
21.304780686
21.332087353
21.332087353
21.359394019
21.359394019
21.386700686
21.386700686
21.414007353
21.414007353
21.441314019
21.441314019
21.468620686
21.468620686
21.495927353
21.495927353
21.523234019
21.523234019
21.550540686
21.550540686
21.577847353
21.577847353
21.605154019
21.605154019
21.632460686
21.632460686
21.659767353
21.659767353
21.687074019
21.687074019
21.714380686
21.714380686
21.741687353
21.741687353
21.768994019
21.768994019
21.796300686
21.796300686
21.823607353
21.823607353
25.278134488
25.471923001
25.499229667
25.526536334
25.553843001
25.581149667
25.608456334
25.635763001
26.899921585
26.927228252
26.954534918
26.981841585
27.009148252
27.036454918
27.063761585
27.091068252
27.118374918
27.144904238
27.145681585
27.145681585
27.154904238
27.164904238
27.172988252
27.172988252
27.174904238
27.184904238
27.194904238
27.200294918
27.200294918
27.204904238
27.214904238
27.224904238
27.227601585
27.227601585
27.234904238
27.244904238
27.254904238
27.254908252
27.254908252
27.264904238
27.274904238
27.282214918
27.282214918
27.284904238
27.294904238
27.304904238
27.309521585
27.309521585
27.336828252
27.336828252
27.364134918
27.364134918
27.391441585
27.391441585
27.418748252
27.418748252
27.446054918
27.446054918
27.473361585
27.473361585
27.500668252
27.500668252
27.527974918
27.527974918
27.555281585
27.555281585
27.582588252
27.582588252
27.609894918
27.609894918
27.637201585
27.637201585
27.664508252
27.664508252
27.691814918
27.691814918
27.719121585
27.719121585
27.746428252
27.746428252
27.773734918
27.773734918
27.801041585
27.801041585
27.828348252
27.828348252
27.855654918
27.855654918
27.882961585
27.882961585
27.910268252
27.910268252
27.937574918
27.937574918
27.964881585
27.964881585
27.992188252
27.992188252
28.019494918
28.019494918
28.046801585
28.046801585
28.074108252
28.074108252
28.101414918
28.101414918
28.128721585
28.128721585
28.156028252
28.156028252
28.183334918
28.183334918
28.210641585
28.210641585
28.237948252
28.237948252
28.265254918
28.265254918
28.292561585
28.292561585
28.319868252
28.319868252
28.347174918
28.347174918
28.374481585
28.374481585
28.401788252
28.401788252
28.429094918
28.429094918
28.456401585
28.456401585
28.483708252
28.483708252
28.511014918
28.511014918
28.538321585
28.538321585
28.565628252
28.565628252
28.592934918
28.592934918
28.620241585
28.620241585
28.647548252
28.647548252
28.674854918
28.674854918
28.702161585
28.702161585
29.643844207
29.643844207
29.671150874
29.671150874
29.698457540
29.698457540
29.725764207
29.725764207
29.753070874
29.753070874
29.780377540
29.780377540
29.807684207
29.807684207
29.834990874
29.834990874
29.862297540
29.862297540
29.889604207
29.889604207
29.916910874
29.916910874
30.201666110
30.201666110
30.337517724
30.337517724
30.364824391
30.364824391
30.392131057
30.392131057
30.419437724
30.419437724
30.446744391
30.446744391
30.474051057
30.474051057
30.501357724
30.501357724
30.528664391
30.528664391
30.555971057
30.555971057
30.583277724
30.583277724
30.610584391
30.610584391
30.637891057
30.637891057
30.665197724
30.665197724
30.692504391
30.692504391
30.719811057
30.719811057
30.747117724
30.747117724
30.774424391
30.774424391
30.801731057
30.801731057
31.386759044
31.386759044
31.414065711
31.414065711
31.441372378
31.441372378
31.468679044
31.468679044
31.495985711
31.495985711
31.523292378
31.523292378
31.550599044
31.550599044
31.577905711
31.577905711
31.605212378
31.605212378
31.632519044
31.632519044
31.659825711
31.659825711
31.687132378
31.687132378
31.714439044
31.714439044
31.741745711
31.741745711
31.769052378
31.769052378
31.796359044
31.796359044
31.823665711
31.823665711
31.850972378
31.850972378
31.878279044
31.878279044
31.905585711
31.905585711
31.932892378
31.932892378
31.960199044
31.960199044
31.987505711
31.987505711
32.014812378
32.014812378
32.042119044
32.042119044
32.069425711
32.069425711
32.096732378
32.096732378
32.124039044
32.124039044
32.151345711
32.151345711
32.178652378
32.178652378
32.205959044
32.205959044
32.233265711
32.233265711
32.260572378
32.260572378
32.287879044
32.287879044
32.315185711
32.315185711
32.342492378
32.342492378
32.369799044
32.369799044
32.397105711
32.397105711
32.424412378
32.424412378
32.451719044
32.451719044
32.479025711
32.479025711
32.506332378
32.506332378
32.533639044
32.533639044
32.560945711
32.560945711
32.588252378
32.588252378
32.615559044
32.615559044
32.642865711
32.642865711
32.670172378
32.670172378
32.697479044
32.697479044
32.724785711
32.724785711
32.752092378
32.752092378
32.779399044
32.779399044
32.806705711
32.806705711
32.834012378
32.834012378
32.861319044
32.861319044
32.888625711
32.888625711
32.915932378
32.915932378
32.943239044
32.943239044
32.970545711
32.970545711
32.997852378
32.997852378
33.025159044
33.025159044
33.168660361
33.168660361
33.195967028
33.195967028
33.223273695
33.223273695
33.250580361
33.250580361
34.218296009
34.218296009
34.245602676
34.245602676
34.272909342
34.272909342
34.300216009
34.300216009
34.327522676
34.327522676
34.354829342
34.354829342
34.382136009
34.382136009
34.409442676
34.409442676
34.436749342
34.436749342
34.464056009
34.464056009
34.491362676
34.491362676
34.518669342
34.518669342
34.545976009
34.545976009
34.573282676
34.573282676
34.600589342
34.600589342
34.627896009
34.627896009
34.655202676
34.655202676
34.682509342
34.682509342
34.709816009
34.709816009
34.737122676
34.737122676
34.764429342
34.764429342
34.791736009
34.791736009
1.314080774
1.334560774
1.346906994
1.355040774
1.355040774
1.356906994
1.375520774
1.375520774
1.396000774
1.396000774
1.416480774
1.416480774
1.436960774
1.436960774
1.457440774
1.457440774
1.477920774
1.477920774
1.498400774
1.498400774
1.518880774
1.518880774
1.539360774
1.539360774
1.559840774
1.559840774
1.580320774
1.580320774
1.600800774
1.600800774
1.621280774
1.621280774
1.641760774
1.641760774
1.662240774
1.662240774
1.682720774
1.682720774
1.703200774
1.703200774
1.723680774
1.723680774
1.744160774
1.744160774
1.764640774
1.764640774
1.785120774
1.785120774
1.805600774
1.805600774
1.826080774
1.826080774
1.846560774
1.846560774
1.867040774
1.867040774
1.887520774
1.887520774
1.908000774
1.908000774
1.928480774
1.928480774
1.948960774
1.948960774
1.969440774
1.969440774
1.989920774
1.989920774
2.010400774
2.010400774
2.030880774
2.030880774
2.051360774
2.051360774
2.071840774
2.071840774
2.092320774
2.092320774
2.112800774
2.112800774
2.133280774
2.133280774
2.153760774
2.153760774
2.174240774
2.174240774
2.194720774
2.194720774
2.215200774
2.215200774
2.235680774
2.235680774
2.256160774
2.256160774
2.276640774
2.276640774
2.297120774
2.297120774
2.317600774
2.317600774
2.338080774
2.338080774
2.358560774
2.358560774
2.379040774
2.379040774
2.399520774
2.399520774
2.420000774
2.420000774
2.440480774
2.440480774
2.460960774
2.460960774
2.481440774
2.481440774
2.501920774
2.501920774
2.522400774
2.522400774
2.542880774
2.542880774
2.563360774
2.563360774
2.583840774
2.583840774
2.604320774
2.604320774
2.624800774
2.624800774
2.645280774
2.645280774
2.665760774
2.665760774
2.686240774
2.686240774
2.706720774
2.706720774
2.727200774
2.727200774
2.747680774
2.747680774
2.768160774
2.768160774
2.788640774
2.788640774
2.809120774
2.809120774
2.829600774
2.829600774
2.850080774
2.850080774
2.870560774
2.870560774
2.891040774
2.891040774
2.911520774
2.911520774
2.932000774
2.932000774
2.952480774
2.952480774
2.972960774
2.972960774
2.993440774
2.993440774
3.013920774
3.013920774
3.034400774
3.034400774
3.054880774
3.054880774
3.075360774
3.075360774
3.095840774
3.095840774
3.116320774
3.116320774
3.136800774
3.136800774
3.157280774
3.157280774
3.177760774
3.177760774
3.198240774
3.198240774
3.218720774
3.218720774
3.239200774
3.239200774
3.259680774
3.259680774
3.280160774
3.280160774
3.300640774
3.300640774
3.321120774
3.321120774
3.341600774
3.341600774
3.362080774
3.362080774
3.382560774
3.382560774
3.403040774
3.403040774
3.423520774
3.423520774
3.444000774
3.444000774
3.464480774
3.464480774
3.484960774
3.484960774
3.505440774
3.505440774
3.525920774
3.525920774
3.546400774
3.546400774
3.566880774
3.566880774
3.587360774
3.587360774
3.607840774
3.607840774
3.628320774
3.628320774
3.648800774
3.648800774
3.669280774
3.669280774
3.689760774
3.689760774
3.710240774
3.710240774
3.730720774
3.730720774
3.751200774
3.751200774
3.771680774
3.771680774
3.792160774
3.792160774
3.812640774
3.812640774
3.833120774
3.833120774
3.853600774
3.853600774
3.874080774
3.874080774
3.894560774
3.894560774
3.915040774
3.915040774
3.935520774
3.935520774
3.956000774
3.956000774
3.976480774
3.976480774
3.996960774
3.996960774
4.017440774
4.017440774
4.037920774
4.037920774
4.058400774
4.058400774
4.078880774
4.078880774
4.099360774
4.099360774
4.119840774
4.119840774
4.140320774
4.140320774
4.160800774
4.160800774
4.181280774
4.181280774
4.201760774
4.201760774
4.222240774
4.222240774
4.242720774
4.242720774
4.263200774
4.263200774
4.283680774
4.283680774
4.304160774
4.304160774
4.324640774
4.324640774
4.345120774
4.345120774
4.365600774
4.365600774
4.386080774
4.386080774
4.406560774
4.406560774
4.427040774
4.427040774
4.447520774
4.447520774
4.468000774
4.468000774
4.488480774
4.488480774
4.508960774
4.508960774
4.529440774
4.529440774
4.549920774
4.549920774
4.570400774
4.570400774
4.590880774
4.590880774
4.611360774
4.611360774
4.631840774
4.631840774
4.652320774
4.652320774
4.672800774
4.672800774
4.693280774
4.693280774
4.713760774
4.713760774
4.734240774
4.734240774
4.754720774
4.754720774
4.775200774
4.775200774
4.795680774
4.795680774
4.816160774
4.816160774
4.836640774
4.836640774
4.857120774
4.857120774
4.877600774
4.877600774
4.898080774
4.898080774
4.918560774
4.918560774
4.939040774
4.939040774
4.959520774
4.959520774
4.980000774
4.980000774
5.000480774
5.000480774
5.020960774
5.020960774
5.041440774
5.041440774
5.061920774
5.061920774
5.082400774
5.082400774
5.102880774
5.102880774
5.123360774
5.123360774
5.143840774
5.143840774
5.164320774
5.164320774
5.184800774
5.184800774
5.205280774
5.205280774
5.225760774
5.225760774
5.246240774
5.246240774
5.266720774
5.266720774
5.287200774
5.287200774
5.464202188
5.464202188
5.484682188
5.484682188
5.505162188
5.505162188
5.719041505
5.719041505
5.739521505
5.739521505
5.760001505
5.760001505
5.780481505
5.780481505
5.800961505
5.800961505
5.821441505
5.821441505
5.841921505
5.841921505
5.862401505
5.862401505
5.882881505
5.882881505
5.903361505
5.903361505
5.923841505
5.923841505
5.944321505
5.944321505
5.964801505
5.964801505
5.985281505
5.985281505
6.005761505
6.005761505
6.026241505
6.026241505
6.046721505
6.046721505
6.067201505
6.067201505
6.087681505
6.087681505
6.108161505
6.108161505
6.128641505
6.128641505
6.149121505
6.149121505
6.169601505
6.169601505
6.190081505
6.190081505
6.210561505
6.210561505
6.231041505
6.231041505
6.251521505
6.251521505
6.272001505
6.272001505
6.292481505
6.292481505
6.312961505
6.312961505
6.333441505
6.333441505
6.353921505
6.353921505
6.374401505
6.374401505
6.394881505
6.394881505
6.415361505
6.415361505
6.435841505
6.435841505
6.456321505
6.456321505
6.476801505
6.476801505
6.497281505
6.497281505
6.517761505
6.517761505
6.538241505
6.538241505
6.558721505
6.558721505
6.579201505
6.579201505
6.599681505
6.599681505
6.620161505
6.620161505
6.640641505
6.640641505
6.661121505
6.661121505
6.681601505
6.681601505
6.702081505
6.702081505
6.722561505
6.722561505
6.743041505
6.743041505
6.763521505
6.763521505
6.784001505
6.784001505
6.804481505
6.804481505
6.824961505
6.824961505
6.845441505
6.845441505
6.865921505
6.865921505
6.886401505
6.886401505
6.906881505
6.906881505
6.927361505
6.927361505
6.947841505
6.947841505
6.968321505
6.968321505
6.988801505
6.988801505
7.009281505
7.009281505
7.029761505
7.029761505
7.050241505
7.050241505
7.070721505
7.070721505
7.091201505
7.091201505
7.111681505
7.111681505
7.132161505
7.132161505
7.152641505
7.152641505
7.173121505
7.173121505
7.193601505
7.193601505
7.214081505
7.214081505
7.234561505
7.234561505
7.255041505
7.255041505
7.275521505
7.275521505
7.296001505
7.296001505
7.316481505
7.316481505
7.336961505
7.336961505
7.357441505
7.357441505
7.514004893
7.514004893
7.534484893
7.534484893
7.554964893
7.554964893
7.575444893
7.575444893
7.595924893
7.595924893
7.616404893
7.616404893
7.636884893
7.636884893
7.657364893
7.657364893
7.677844893
7.677844893
7.698324893
7.698324893
7.718804893
7.718804893
7.739284893
7.739284893
7.759764893
7.759764893
7.780244893
7.780244893
7.800724893
7.800724893
7.821204893
7.821204893
7.841684893
7.841684893
7.862164893
7.862164893
7.882644893
7.882644893
7.903124893
7.903124893
7.923604893
7.923604893
8.804843739
8.804843739
8.825323739
8.825323739
8.845803739
8.845803739
8.866283739
8.866283739
8.886763739
8.886763739
8.907243739
8.907243739
8.927723739
8.927723739
8.948203739
8.948203739
9.972991125
9.972991125
9.993471125
9.993471125
13.719315701
13.739795701
13.760275701
13.780755701
13.801235701
13.821715701
13.842195701
13.862675701
13.883155701
13.903635701
13.924115701
13.944595701
13.965075701
13.985555701
14.006035701
14.026515701
14.046995701
14.067475701
14.087955701
14.108435701
14.128915701
14.149395701
14.169875701
14.190355701
14.210835701
14.231315701
14.251795701
14.272275701
14.540466214
14.560946214
14.581426214
14.601906214
15.725652715
15.746132715
15.766612715
15.772551574
15.782551574
15.787092715
15.787092715
15.792551574
15.802551574
15.807572715
15.807572715
15.812551574
15.822551574
15.828052715
15.828052715
15.832551574
15.842551574
15.848532715
15.848532715
15.852551574
15.862551574
15.869012715
15.869012715
15.872551574
15.882551574
15.889492715
15.889492715
15.892551574
15.902551574
15.909972715
15.909972715
15.912551574
15.922551574
15.930452715
15.930452715
15.932551574
15.942551574
15.950932715
15.950932715
15.952551574
15.962551574
15.971412715
15.971412715
15.972551574
15.982551574
15.991892715
15.991892715
15.992551574
16.002551574
16.012372715
16.012372715
16.012551574
16.022551574
16.032551574
16.032852715
16.032852715
16.042551574
16.052551574
16.053332715
16.053332715
16.062551574
16.072551574
16.073812715
16.073812715
16.082551574
16.092551574
16.094292715
16.094292715
16.102551574
16.112551574
16.114772715
16.114772715
16.135252715
16.135252715
16.155732715
16.155732715
16.176212715
16.176212715
16.196692715
16.196692715
16.217172715
16.217172715
16.237652715
16.237652715
16.258132715
16.258132715
16.278612715
16.278612715
16.299092715
16.299092715
16.319572715
16.319572715
16.340052715
16.340052715
16.360532715
16.360532715
16.390035844
16.390035844
16.410515844
16.410515844
16.430995844
16.430995844
16.451475844
16.451475844
16.471955844
16.471955844
16.492435844
16.492435844
16.512915844
16.512915844
16.533395844
16.533395844
16.553875844
16.553875844
16.574355844
16.574355844
16.594835844
16.594835844
16.615315844
16.615315844
16.635795844
16.635795844
16.656275844
16.656275844
16.676755844
16.676755844
16.697235844
16.697235844
16.717715844
16.717715844
16.738195844
16.738195844
16.758675844
16.758675844
16.779155844
16.779155844
16.799635844
16.799635844
16.820115844
16.820115844
16.840595844
16.840595844
16.861075844
16.861075844
16.881555844
16.881555844
16.902035844
16.902035844
16.922515844
16.922515844
16.942995844
16.942995844
16.963475844
16.963475844
16.983955844
16.983955844
17.004435844
17.004435844
17.024915844
17.024915844
17.045395844
17.045395844
17.065875844
17.065875844
17.086355844
17.086355844
17.106835844
17.106835844
17.127315844
17.127315844
17.147795844
17.147795844
17.928441309
17.928441309
17.948921309
17.948921309
17.969401309
17.969401309
17.989881309
17.989881309
18.010361309
18.010361309
18.030841309
18.030841309
18.051321309
18.051321309
18.071801309
18.071801309
18.092281309
18.092281309
18.112761309
18.112761309
18.133241309
18.133241309
18.153721309
18.153721309
18.174201309
18.174201309
18.194681309
18.194681309
18.215161309
18.215161309
18.235641309
18.235641309
18.256121309
18.256121309
18.276601309
18.276601309
18.297081309
18.297081309
18.317561309
18.317561309
18.338041309
18.338041309
18.358521309
18.358521309
18.379001309
18.379001309
18.399481309
18.399481309
18.419961309
18.419961309
18.440441309
18.440441309
18.460921309
18.460921309
18.481401309
18.481401309
18.501881309
18.501881309
18.522361309
18.522361309
18.612640007
18.612640007
18.633120007
18.633120007
18.653600007
18.653600007
18.674080007
18.674080007
18.694560007
18.694560007
18.800944872
18.800944872
18.821424872
18.821424872
18.841904872
18.841904872
18.862384872
18.862384872
18.882864872
18.882864872
18.903344872
18.903344872
18.923824872
18.923824872
18.944304872
18.944304872
18.964784872
18.964784872
18.985264872
18.985264872
19.005744872
19.005744872
19.026224872
19.026224872
19.046704872
19.046704872
19.067184872
19.067184872
19.087664872
19.087664872
19.108144872
19.108144872
19.128624872
19.128624872
19.149104872
19.149104872
19.169584872
19.169584872
19.190064872
19.190064872
19.210544872
19.210544872
19.231024872
19.231024872
19.251504872
19.251504872
19.271984872
19.271984872
19.292464872
19.292464872
19.312944872
19.312944872
19.333424872
19.333424872
19.353904872
19.353904872
19.374384872
19.374384872
19.394864872
19.394864872
19.415344872
19.415344872
19.435824872
19.435824872
19.456304872
19.456304872
19.476784872
19.476784872
19.497264872
19.497264872
19.517744872
19.517744872
19.538224872
19.538224872
19.558704872
19.558704872
19.579184872
19.579184872
19.599664872
19.599664872
19.996636983
19.996636983
20.017116983
20.017116983
20.037596983
20.037596983
20.058076983
20.058076983
20.078556983
20.078556983
20.099036983
20.099036983
20.119516983
20.119516983
20.139996983
20.139996983
20.160476983
20.160476983
20.180956983
20.180956983
20.201436983
20.201436983
20.221916983
20.221916983
20.242396983
20.242396983
20.262876983
20.262876983
20.283356983
20.283356983
20.303836983
20.303836983
20.324316983
20.324316983
20.344796983
20.344796983
20.365276983
20.365276983
20.385756983
20.385756983
20.406236983
20.406236983
20.426716983
20.426716983
20.447196983
20.447196983
20.467676983
20.467676983
20.488156983
20.488156983
20.508636983
20.508636983
20.529116983
20.529116983
20.549596983
20.549596983
20.570076983
20.570076983
20.590556983
20.590556983
20.611036983
20.611036983
20.631516983
20.631516983
20.651996983
20.651996983
20.672476983
20.672476983
20.692956983
20.692956983
20.713436983
20.713436983
20.733916983
20.733916983
20.754396983
20.754396983
20.774876983
20.774876983
20.795356983
20.795356983
20.815836983
20.815836983
20.836316983
20.836316983
20.856796983
20.856796983
20.877276983
20.877276983
20.897756983
20.897756983
20.918236983
20.918236983
21.324976844
21.324976844
21.345456844
21.345456844
21.365936844
21.365936844
21.386416844
21.386416844
21.406896844
21.406896844
21.427376844
21.427376844
21.447856844
21.447856844
21.468336844
21.468336844
21.488816844
21.488816844
21.509296844
21.509296844
21.529776844
21.529776844
21.550256844
21.550256844
21.570736844
21.570736844
21.591216844
21.591216844
21.611696844
21.611696844
21.632176844
21.632176844
21.652656844
21.652656844
21.673136844
21.673136844
21.693616844
21.693616844
21.714096844
21.714096844
21.882988354
21.882988354
21.903468354
21.903468354
21.923948354
21.923948354
21.944428354
21.944428354
21.964908354
21.964908354
21.985388354
21.985388354
25.637471169
25.657951169
25.678431169
25.693980520
25.698911169
25.698911169
25.703980520
25.713980520
25.719391169
25.719391169
25.739871169
25.739871169
25.760351169
25.760351169
25.780831169
25.780831169
25.801311169
25.801311169
25.821791169
25.821791169
25.842271169
25.842271169
25.862751169
25.862751169
25.883231169
25.883231169
25.903711169
25.903711169
25.924191169
25.924191169
25.944671169
25.944671169
25.965151169
25.965151169
25.985631169
25.985631169
26.285212203
26.285212203
26.305692203
26.305692203
26.326172203
26.326172203
26.346652203
26.346652203
26.367132203
26.367132203
26.387612203
26.387612203
27.368465498
27.368465498
27.388945498
27.388945498
27.409425498
27.409425498
27.429905498
27.429905498
27.450385498
27.450385498
27.470865498
27.470865498
27.491345498
27.491345498
27.511825498
27.511825498
27.532305498
27.532305498
27.552785498
27.552785498
27.573265498
27.573265498
27.593745498
27.593745498
27.614225498
27.614225498
27.634705498
27.634705498
27.655185498
27.655185498
27.675665498
27.675665498
27.696145498
27.696145498
27.716625498
27.716625498
27.737105498
27.737105498
27.757585498
27.757585498
27.778065498
27.778065498
28.509628768
28.509628768
28.530108768
28.530108768
28.550588768
28.550588768
28.571068768
28.571068768
28.591548768
28.591548768
28.612028768
28.612028768
28.632508768
28.632508768
28.652988768
28.652988768
28.673468768
28.673468768
28.693948768
28.693948768
28.714428768
28.714428768
28.734908768
28.734908768
28.755388768
28.755388768
28.775868768
28.775868768
28.796348768
28.796348768
28.816828768
28.816828768
28.837308768
28.837308768
28.857788768
28.857788768
28.878268768
28.878268768
28.898748768
28.898748768
28.919228768
28.919228768
28.939708768
28.939708768
28.960188768
28.960188768
28.980668768
28.980668768
29.001148768
29.001148768
29.021628768
29.021628768
29.042108768
29.042108768
29.062588768
29.062588768
29.083068768
29.083068768
29.103548768
29.103548768
29.124028768
29.124028768
29.144508768
29.144508768
29.164988768
29.164988768
29.185468768
29.185468768
29.205948768
29.205948768
29.226428768
29.226428768
29.246908768
29.246908768
29.267388768
29.267388768
29.287868768
29.287868768
29.308348768
29.308348768
29.328828768
29.328828768
29.349308768
29.349308768
29.369788768
29.369788768
29.390268768
29.390268768
29.410748768
29.410748768
29.431228768
29.431228768
29.451708768
29.451708768
29.472188768
29.472188768
29.492668768
29.492668768
29.513148768
29.513148768
29.533628768
29.533628768
29.554108768
29.554108768
29.574588768
29.574588768
29.595068768
29.595068768
29.615548768
29.615548768
29.636028768
29.636028768
29.656508768
29.656508768
29.676988768
29.676988768
29.697468768
29.697468768
29.744334213
29.744334213
29.764814213
29.764814213
29.785294213
29.785294213
29.805774213
29.805774213
29.826254213
29.826254213
30.600672226
30.600672226
30.621152226
30.621152226
30.641632226
30.641632226
30.662112226
30.662112226
30.682592226
30.682592226
30.703072226
30.703072226
30.723552226
30.723552226
30.744032226
30.744032226
30.764512226
30.764512226
30.784992226
30.784992226
30.805472226
30.805472226
30.825952226
30.825952226
30.846432226
30.846432226
30.866912226
30.866912226
30.887392226
30.887392226
30.907872226
30.907872226
30.928352226
30.928352226
30.948832226
30.948832226
30.969312226
30.969312226
30.989792226
30.989792226
31.010272226
31.010272226
31.030752226
31.030752226
31.051232226
31.051232226
31.071712226
31.071712226
31.092192226
31.092192226
31.112672226
31.112672226
31.133152226
31.133152226
31.153632226
31.153632226
31.174112226
31.174112226
31.194592226
31.194592226
31.215072226
31.215072226
31.235552226
31.235552226
31.256032226
31.256032226
31.276512226
31.276512226
31.296992226
31.296992226
31.317472226
31.317472226
31.337952226
31.337952226
31.358432226
31.358432226
31.378912226
31.378912226
32.026431432
32.026431432
32.046911432
32.046911432
32.067391432
32.067391432
32.087871432
32.087871432
32.108351432
32.108351432
32.128831432
32.128831432
32.149311432
32.149311432
33.798356210
33.798356210
33.818836210
33.818836210
33.839316210
33.839316210
33.859796210
33.859796210
33.880276210
33.880276210
34.007253657
34.007253657
34.027733657
34.027733657
34.048213657
34.048213657
34.068693657
34.068693657
34.089173657
34.089173657
34.109653657
34.109653657
34.130133657
34.130133657
34.150613657
34.150613657
34.171093657
34.171093657
34.191573657
34.191573657
34.212053657
34.212053657
34.232533657
34.232533657
34.253013657
34.253013657
34.273493657
34.273493657
34.293973657
34.293973657
34.314453657
34.314453657
34.334933657
34.334933657
34.355413657
34.355413657
34.375893657
34.375893657
34.396373657
34.396373657
34.416853657
34.416853657
34.437333657
34.437333657
34.457813657
34.457813657
34.478293657
34.478293657
34.498773657
34.498773657
34.519253657
34.519253657
34.539733657
34.539733657
34.560213657
34.560213657
34.580693657
34.580693657
34.601173657
34.601173657
34.621653657
34.621653657
34.642133657
34.642133657
34.662613657
34.662613657
34.683093657
34.683093657
34.703573657
34.703573657
34.724053657
34.724053657
34.744533657
34.744533657
1.309984774
1.326368774
1.342752774
1.342810995
1.352810995
1.359136774
1.359136774
1.362810995
1.375520774
1.375520774
1.391904774
1.391904774
1.408288774
1.408288774
1.424672774
1.424672774
1.441056774
1.441056774
1.457440774
1.457440774
1.473824774
1.473824774
1.490208774
1.490208774
1.506592774
1.506592774
1.522976774
1.522976774
1.539360774
1.539360774
1.555744774
1.555744774
1.572128774
1.572128774
1.588512774
1.588512774
1.604896774
1.604896774
1.621280774
1.621280774
1.637664774
1.637664774
1.654048774
1.654048774
1.670432774
1.670432774
1.686816774
1.686816774
1.703200774
1.703200774
1.719584774
1.719584774
1.735968774
1.735968774
1.752352774
1.752352774
1.768736774
1.768736774
1.785120774
1.785120774
1.801504774
1.801504774
1.817888774
1.817888774
1.834272774
1.834272774
1.850656774
1.850656774
1.867040774
1.867040774
1.883424774
1.883424774
1.899808774
1.899808774
1.916192774
1.916192774
1.932576774
1.932576774
1.948960774
1.948960774
1.965344774
1.965344774
1.981728774
1.981728774
1.998112774
1.998112774
2.014496774
2.014496774
2.030880774
2.030880774
2.047264774
2.047264774
2.063648774
2.063648774
2.080032774
2.080032774
2.096416774
2.096416774
2.112800774
2.112800774
2.129184774
2.129184774
2.145568774
2.145568774
2.161952774
2.161952774
2.178336774
2.178336774
2.194720774
2.194720774
2.211104774
2.211104774
2.227488774
2.227488774
2.243872774
2.243872774
2.260256774
2.260256774
2.276640774
2.276640774
2.293024774
2.293024774
2.309408774
2.309408774
2.325792774
2.325792774
2.342176774
2.342176774
2.358560774
2.358560774
2.374944774
2.374944774
2.391328774
2.391328774
2.407712774
2.407712774
2.424096774
2.424096774
2.440480774
2.440480774
2.456864774
2.456864774
2.473248774
2.473248774
2.489632774
2.489632774
2.506016774
2.506016774
2.522400774
2.522400774
2.538784774
2.538784774
2.555168774
2.555168774
2.571552774
2.571552774
2.587936774
2.587936774
2.604320774
2.604320774
2.620704774
2.620704774
2.637088774
2.637088774
2.653472774
2.653472774
2.669856774
2.669856774
2.686240774
2.686240774
2.702624774
2.702624774
2.719008774
2.719008774
2.735392774
2.735392774
2.751776774
2.751776774
2.768160774
2.768160774
2.784544774
2.784544774
2.800928774
2.800928774
2.817312774
2.817312774
2.833696774
2.833696774
2.850080774
2.850080774
2.866464774
2.866464774
2.882848774
2.882848774
2.899232774
2.899232774
2.915616774
2.915616774
2.932000774
2.932000774
2.948384774
2.948384774
2.964768774
2.964768774
2.981152774
2.981152774
2.997536774
2.997536774
3.013920774
3.013920774
3.030304774
3.030304774
3.046688774
3.046688774
3.063072774
3.063072774
3.079456774
3.079456774
3.095840774
3.095840774
3.112224774
3.112224774
3.128608774
3.128608774
3.144992774
3.144992774
3.161376774
3.161376774
3.177760774
3.177760774
3.194144774
3.194144774
3.210528774
3.210528774
3.226912774
3.226912774
3.243296774
3.243296774
3.259680774
3.259680774
3.276064774
3.276064774
3.292448774
3.292448774
3.308832774
3.308832774
3.325216774
3.325216774
3.341600774
3.341600774
3.357984774
3.357984774
3.374368774
3.374368774
3.390752774
3.390752774
3.407136774
3.407136774
3.423520774
3.423520774
3.439904774
3.439904774
3.456288774
3.456288774
3.472672774
3.472672774
3.489056774
3.489056774
3.505440774
3.505440774
3.521824774
3.521824774
3.538208774
3.538208774
3.554592774
3.554592774
3.570976774
3.570976774
3.587360774
3.587360774
3.603744774
3.603744774
3.620128774
3.620128774
3.636512774
3.636512774
3.652896774
3.652896774
3.669280774
3.669280774
3.685664774
3.685664774
3.702048774
3.702048774
3.718432774
3.718432774
3.734816774
3.734816774
3.751200774
3.751200774
3.767584774
3.767584774
3.783968774
3.783968774
3.800352774
3.800352774
3.816736774
3.816736774
3.833120774
3.833120774
3.849504774
3.849504774
3.865888774
3.865888774
3.882272774
3.882272774
3.898656774
3.898656774
3.915040774
3.915040774
3.931424774
3.931424774
3.947808774
3.947808774
3.964192774
3.964192774
3.980576774
3.980576774
3.996960774
3.996960774
4.013344774
4.013344774
4.029728774
4.029728774
4.046112774
4.046112774
4.062496774
4.062496774
4.078880774
4.078880774
4.095264774
4.095264774
4.111648774
4.111648774
4.128032774
4.128032774
4.144416774
4.144416774
4.160800774
4.160800774
4.177184774
4.177184774
4.193568774
4.193568774
4.209952774
4.209952774
4.226336774
4.226336774
4.242720774
4.242720774
4.259104774
4.259104774
4.275488774
4.275488774
4.291872774
4.291872774
4.308256774
4.308256774
4.324640774
4.324640774
4.341024774
4.341024774
4.357408774
4.357408774
4.373792774
4.373792774
4.390176774
4.390176774
4.406560774
4.406560774
4.422944774
4.422944774
4.439328774
4.439328774
4.455712774
4.455712774
4.472096774
4.472096774
4.488480774
4.488480774
4.504864774
4.504864774
4.521248774
4.521248774
4.537632774
4.537632774
4.554016774
4.554016774
4.570400774
4.570400774
4.586784774
4.586784774
4.603168774
4.603168774
4.619552774
4.619552774
4.635936774
4.635936774
4.652320774
4.652320774
4.668704774
4.668704774
4.685088774
4.685088774
4.701472774
4.701472774
4.717856774
4.717856774
4.734240774
4.734240774
4.750624774
4.750624774
4.767008774
4.767008774
4.783392774
4.783392774
4.799776774
4.799776774
4.816160774
4.816160774
4.832544774
4.832544774
4.848928774
4.848928774
4.865312774
4.865312774
4.881696774
4.881696774
4.898080774
4.898080774
4.914464774
4.914464774
4.930848774
4.930848774
4.947232774
4.947232774
4.963616774
4.963616774
4.980000774
4.980000774
4.996384774
4.996384774
5.012768774
5.012768774
5.029152774
5.029152774
5.045536774
5.045536774
5.061920774
5.061920774
5.078304774
5.078304774
5.094688774
5.094688774
5.111072774
5.111072774
5.127456774
5.127456774
5.143840774
5.143840774
5.160224774
5.160224774
5.176608774
5.176608774
5.192992774
5.192992774
5.209376774
5.209376774
5.225760774
5.225760774
5.242144774
5.242144774
5.258528774
5.258528774
5.274912774
5.274912774
5.291296774
5.291296774
7.591300393
7.591300393
7.607684393
7.607684393
7.624068393
7.624068393
7.640452393
7.640452393
7.656836393
7.656836393
7.673220393
7.673220393
7.689604393
7.689604393
7.705988393
7.705988393
7.722372393
7.722372393
7.738756393
7.738756393
7.755140393
7.755140393
7.771524393
7.771524393
7.787908393
7.787908393
7.804292393
7.804292393
7.820676393
7.820676393
7.837060393
7.837060393
7.853444393
7.853444393
7.869828393
7.869828393
8.059856507
8.059856507
8.076240507
8.076240507
8.092624507
8.092624507
8.109008507
8.109008507
8.125392507
8.125392507
8.141776507
8.141776507
8.158160507
8.158160507
8.174544507
8.174544507
8.190928507
8.190928507
8.207312507
8.207312507
8.223696507
8.223696507
8.240080507
8.240080507
8.256464507
8.256464507
8.272848507
8.272848507
8.289232507
8.289232507
8.305616507
8.305616507
8.322000507
8.322000507
8.338384507
8.338384507
8.354768507
8.354768507
8.371152507
8.371152507
8.387536507
8.387536507
8.403920507
8.403920507
8.420304507
8.420304507
8.436688507
8.436688507
8.453072507
8.453072507
8.469456507
8.469456507
8.485840507
8.485840507
8.502224507
8.502224507
8.518608507
8.518608507
8.534992507
8.534992507
8.551376507
8.551376507
8.567760507
8.567760507
8.584144507
8.584144507
8.600528507
8.600528507
8.616912507
8.616912507
8.633296507
8.633296507
8.649680507
8.649680507
8.666064507
8.666064507
8.682448507
8.682448507
8.698832507
8.698832507
8.715216507
8.715216507
8.731600507
8.731600507
8.747984507
8.747984507
8.764368507
8.764368507
8.780752507
8.780752507
8.797136507
8.797136507
8.813520507
8.813520507
8.829904507
8.829904507
8.846288507
8.846288507
8.862672507
8.862672507
8.879056507
8.879056507
8.895440507
8.895440507
8.911824507
8.911824507
8.928208507
8.928208507
8.944592507
8.944592507
8.960976507
8.960976507
8.977360507
8.977360507
8.993744507
8.993744507
9.010128507
9.010128507
9.026512507
9.026512507
9.042896507
9.042896507
9.059280507
9.059280507
9.075664507
9.075664507
9.092048507
9.092048507
9.108432507
9.108432507
9.124816507
9.124816507
9.141200507
9.141200507
9.157584507
9.157584507
9.173968507
9.173968507
9.190352507
9.190352507
9.206736507
9.206736507
9.223120507
9.223120507
9.239504507
9.239504507
9.255888507
9.255888507
14.068501848
14.084885848
14.101269848
14.117653848
14.134037848
14.150421848
14.166805848
14.183189848
14.199573848
14.215957848
14.232341848
14.248725848
14.265109848
14.281493848
14.297877848
14.314261848
14.330645848
14.347029848
14.363413848
14.379797848
14.396181848
14.412565848
14.428949848
14.445333848
14.461717848
14.478101848
14.494485848
14.510869848
14.527253848
14.543637848
14.560021848
14.576405848
14.592789848
14.609173848
15.971428476
15.987812476
16.004196476
16.018488072
16.020580476
16.020580476
16.028488072
16.036964476
16.036964476
16.038488072
16.048488072
16.058488072
16.068488072
16.078488072
16.088488072
16.098488072
16.108488072
16.118488072
16.128488072
16.138488072
16.148488072
16.158488072
16.168488072
16.178488072
16.188488072
16.198488072
16.208488072
16.218488072
16.228488072
16.238488072
16.248488072
16.258488072
16.268488072
16.278488072
16.288488072
16.298488072
16.308488072
16.318488072
16.328488072
16.338488072
16.341912740
16.341912740
16.348488072
16.358296740
16.358296740
16.358488072
16.368488072
16.374680740
16.374680740
16.378488072
16.391064740
16.391064740
16.407448740
16.407448740
16.423832740
16.423832740
16.440216740
16.440216740
16.456600740
16.456600740
16.472984740
16.472984740
16.489368740
16.489368740
16.505752740
16.505752740
16.522136740
16.522136740
16.538520740
16.538520740
16.554904740
16.554904740
16.571288740
16.571288740
16.587672740
16.587672740
16.604056740
16.604056740
16.620440740
16.620440740
16.636824740
16.636824740
16.653208740
16.653208740
16.669592740
16.669592740
16.685976740
16.685976740
16.702360740
16.702360740
16.718744740
16.718744740
16.735128740
16.735128740
16.751512740
16.751512740
16.767896740
16.767896740
16.784280740
16.784280740
16.800664740
16.800664740
16.817048740
16.817048740
16.833432740
16.833432740
16.849816740
16.849816740
16.866200740
16.866200740
16.882584740
16.882584740
16.898968740
16.898968740
16.915352740
16.915352740
16.931736740
16.931736740
16.948120740
16.948120740
16.964504740
16.964504740
16.980888740
16.980888740
16.997272740
16.997272740
17.013656740
17.013656740
17.030040740
17.030040740
17.046424740
17.046424740
17.062808740
17.062808740
17.079192740
17.079192740
17.095576740
17.095576740
17.111960740
17.111960740
17.128344740
17.128344740
17.144728740
17.144728740
17.161112740
17.161112740
17.177496740
17.177496740
17.193880740
17.193880740
17.210264740
17.210264740
17.226648740
17.226648740
17.243032740
17.243032740
17.259416740
17.259416740
17.275800740
17.275800740
17.292184740
17.292184740
17.308568740
17.308568740
17.324952740
17.324952740
17.341336740
17.341336740
17.357720740
17.357720740
17.374104740
17.374104740
17.390488740
17.390488740
17.406872740
17.406872740
17.423256740
17.423256740
17.439640740
17.439640740
17.456024740
17.456024740
17.472408740
17.472408740
17.488792740
17.488792740
17.505176740
17.505176740
17.521560740
17.521560740
17.537944740
17.537944740
17.554328740
17.554328740
17.570712740
17.570712740
17.587096740
17.587096740
17.603480740
17.603480740
17.619864740
17.619864740
17.636248740
17.636248740
17.652632740
17.652632740
17.669016740
17.669016740
17.685400740
17.685400740
17.701784740
17.701784740
17.718168740
17.718168740
17.734552740
17.734552740
17.750936740
17.750936740
17.767320740
17.767320740
17.783704740
17.783704740
17.800088740
17.800088740
17.816472740
17.816472740
17.832856740
17.832856740
17.849240740
17.849240740
17.865624740
17.865624740
17.882008740
17.882008740
17.898392740
17.898392740
17.914776740
17.914776740
17.931160740
17.931160740
17.947544740
17.947544740
17.963928740
17.963928740
17.980312740
17.980312740
17.996696740
17.996696740
18.013080740
18.013080740
18.029464740
18.029464740
18.045848740
18.045848740
18.173879652
18.173879652
18.297015130
18.297015130
18.313399130
18.313399130
18.329783130
18.329783130
18.346167130
18.346167130
18.362551130
18.362551130
18.378935130
18.378935130
18.395319130
18.395319130
18.411703130
18.411703130
18.428087130
18.428087130
18.444471130
18.444471130
18.460855130
18.460855130
18.477239130
18.477239130
18.493623130
18.493623130
18.510007130
18.510007130
18.829659306
18.829659306
18.846043306
18.846043306
18.862427306
18.862427306
18.878811306
18.878811306
18.895195306
18.895195306
18.911579306
18.911579306
18.927963306
18.927963306
18.944347306
18.944347306
18.960731306
18.960731306
18.977115306
18.977115306
18.993499306
18.993499306
19.009883306
19.009883306
19.026267306
19.026267306
19.042651306
19.042651306
19.059035306
19.059035306
19.075419306
19.075419306
19.091803306
19.091803306
19.108187306
19.108187306
19.124571306
19.124571306
19.140955306
19.140955306
19.157339306
19.157339306
19.173723306
19.173723306
19.592559423
19.592559423
19.608943423
19.608943423
19.625327423
19.625327423
19.641711423
19.641711423
19.658095423
19.658095423
19.674479423
19.674479423
19.690863423
19.690863423
19.707247423
19.707247423
19.723631423
19.723631423
19.740015423
19.740015423
19.756399423
19.756399423
19.772783423
19.772783423
19.789167423
19.789167423
19.805551423
19.805551423
19.821935423
19.821935423
19.838319423
19.838319423
19.854703423
19.854703423
19.871087423
19.871087423
19.887471423
19.887471423
19.903855423
19.903855423
19.920239423
19.920239423
19.936623423
19.936623423
19.953007423
19.953007423
19.969391423
19.969391423
19.985775423
19.985775423
20.002159423
20.002159423
20.018543423
20.018543423
20.034927423
20.034927423
20.051311423
20.051311423
20.067695423
20.067695423
20.084079423
20.084079423
20.100463423
20.100463423
20.116847423
20.116847423
20.133231423
20.133231423
20.149615423
20.149615423
20.165999423
20.165999423
20.182383423
20.182383423
20.198767423
20.198767423
20.701521546
20.701521546
20.717905546
20.717905546
20.734289546
20.734289546
20.750673546
20.750673546
20.767057546
20.767057546
20.783441546
20.783441546
20.799825546
20.799825546
20.816209546
20.816209546
20.832593546
20.832593546
20.848977546
20.848977546
20.865361546
20.865361546
20.881745546
20.881745546
20.898129546
20.898129546
20.914513546
20.914513546
20.930897546
20.930897546
20.969458008
20.969458008
20.985842008
20.985842008
21.002226008
21.002226008
21.018610008
21.018610008
21.034994008
21.034994008
21.051378008
21.051378008
21.067762008
21.067762008
21.084146008
21.084146008
21.100530008
21.100530008
21.116914008
21.116914008
21.133298008
21.133298008
25.142950778
25.159334778
25.175718778
25.192102778
25.199978350
25.208486778
25.208486778
25.209978350
25.219978350
25.224870778
25.224870778
25.229978350
25.241254778
25.241254778
25.257638778
25.257638778
25.274022778
25.274022778
25.290406778
25.290406778
25.306790778
25.306790778
25.323174778
25.323174778
25.339558778
25.339558778
25.355942778
25.355942778
25.372326778
25.372326778
25.388710778
25.388710778
25.405094778
25.405094778
26.151971374
26.151971374
26.168355374
26.168355374
26.184739374
26.184739374
26.201123374
26.201123374
26.217507374
26.217507374
26.233891374
26.233891374
26.250275374
26.250275374
26.266659374
26.266659374
26.283043374
26.283043374
26.299427374
26.299427374
26.315811374
26.315811374
26.332195374
26.332195374
26.401048178
26.401048178
26.417432178
26.417432178
26.433816178
26.433816178
26.450200178
26.450200178
26.466584178
26.466584178
26.482968178
26.482968178
26.499352178
26.499352178
26.515736178
26.515736178
26.532120178
26.532120178
27.273086619
27.273086619
27.289470619
27.289470619
27.305854619
27.305854619
27.322238619
27.322238619
27.338622619
27.338622619
27.355006619
27.355006619
27.371390619
27.371390619
27.387774619
27.387774619
27.557369309
27.557369309
28.839966752
28.839966752
28.856350752
28.856350752
28.872734752
28.872734752
28.889118752
28.889118752
28.905502752
28.905502752
28.921886752
28.921886752
28.938270752
28.938270752
28.954654752
28.954654752
28.971038752
28.971038752
28.987422752
28.987422752
29.003806752
29.003806752
29.020190752
29.020190752
29.036574752
29.036574752
29.052958752
29.052958752
29.069342752
29.069342752
29.085726752
29.085726752
29.102110752
29.102110752
29.118494752
29.118494752
29.134878752
29.134878752
29.151262752
29.151262752
29.167646752
29.167646752
29.184030752
29.184030752
29.200414752
29.200414752
29.216798752
29.216798752
29.233182752
29.233182752
29.249566752
29.249566752
29.265950752
29.265950752
29.282334752
29.282334752
29.298718752
29.298718752
29.315102752
29.315102752
29.331486752
29.331486752
29.347870752
29.347870752
29.364254752
29.364254752
29.380638752
29.380638752
29.397022752
29.397022752
29.413406752
29.413406752
29.429790752
29.429790752
29.446174752
29.446174752
29.462558752
29.462558752
29.478942752
29.478942752
29.495326752
29.495326752
29.511710752
29.511710752
29.528094752
29.528094752
29.544478752
29.544478752
29.560862752
29.560862752
29.577246752
29.577246752
29.593630752
29.593630752
29.610014752
29.610014752
29.626398752
29.626398752
29.642782752
29.642782752
29.659166752
29.659166752
29.675550752
29.675550752
29.691934752
29.691934752
29.708318752
29.708318752
29.724702752
29.724702752
29.741086752
29.741086752
29.757470752
29.757470752
29.773854752
29.773854752
29.790238752
29.790238752
29.806622752
29.806622752
29.823006752
29.823006752
29.839390752
29.839390752
29.855774752
29.855774752
29.872158752
29.872158752
29.888542752
29.888542752
29.904926752
29.904926752
29.921310752
29.921310752
29.937694752
29.937694752
29.954078752
29.954078752
29.970462752
29.970462752
29.986846752
29.986846752
30.003230752
30.003230752
30.019614752
30.019614752
30.035998752
30.035998752
30.052382752
30.052382752
30.068766752
30.068766752
30.085150752
30.085150752
30.101534752
30.101534752
30.117918752
30.117918752
30.134302752
30.134302752
30.150686752
30.150686752
30.167070752
30.167070752
30.183454752
30.183454752
30.199838752
30.199838752
30.216222752
30.216222752
30.232606752
30.232606752
30.248990752
30.248990752
30.265374752
30.265374752
30.281758752
30.281758752
30.298142752
30.298142752
30.314526752
30.314526752
30.330910752
30.330910752
30.347294752
30.347294752
30.363678752
30.363678752
30.380062752
30.380062752
30.396446752
30.396446752
30.432663704
30.432663704
30.449047704
30.449047704
30.465431704
30.465431704
30.481815704
30.481815704
30.498199704
30.498199704
30.514583704
30.514583704
30.530967704
30.530967704
30.547351704
30.547351704
30.563735704
30.563735704
30.580119704
30.580119704
30.596503704
30.596503704
30.612887704
30.612887704
30.629271704
30.629271704
30.645655704
30.645655704
30.662039704
30.662039704
30.678423704
30.678423704
31.590389824
31.590389824
31.606773824
31.606773824
31.623157824
31.623157824
31.639541824
31.639541824
31.655925824
31.655925824
31.672309824
31.672309824
31.688693824
31.688693824
31.705077824
31.705077824
31.721461824
31.721461824
31.737845824
31.737845824
31.754229824
31.754229824
31.770613824
31.770613824
31.786997824
31.786997824
31.803381824
31.803381824
31.819765824
31.819765824
31.836149824
31.836149824
31.852533824
31.852533824
31.868917824
31.868917824
31.885301824
31.885301824
31.901685824
31.901685824
31.918069824
31.918069824
31.934453824
31.934453824
31.950837824
31.950837824
31.967221824
31.967221824
31.983605824
31.983605824
31.999989824
31.999989824
32.016373824
32.016373824
32.032757824
32.032757824
32.049141824
32.049141824
32.065525824
32.065525824
32.081909824
32.081909824
32.098293824
32.098293824
32.114677824
32.114677824
32.131061824
32.131061824
32.147445824
32.147445824
32.163829824
32.163829824
32.180213824
32.180213824
32.196597824
32.196597824
32.212981824
32.212981824
32.229365824
32.229365824
32.245749824
32.245749824
32.262133824
32.262133824
32.278517824
32.278517824
32.294901824
32.294901824
32.311285824
32.311285824
32.327669824
32.327669824
32.344053824
32.344053824
32.360437824
32.360437824
32.376821824
32.376821824
32.393205824
32.393205824
32.409589824
32.409589824
32.425973824
32.425973824
32.442357824
32.442357824
32.458741824
32.458741824
32.475125824
32.475125824
32.491509824
32.491509824
32.507893824
32.507893824
32.524277824
32.524277824
32.540661824
32.540661824
32.557045824
32.557045824
32.573429824
32.573429824
32.589813824
32.589813824
32.606197824
32.606197824
32.622581824
32.622581824
32.638965824
32.638965824
32.655349824
32.655349824
32.671733824
32.671733824
32.688117824
32.688117824
32.704501824
32.704501824
32.720885824
32.720885824
32.737269824
32.737269824
32.753653824
32.753653824
32.770037824
32.770037824
32.786421824
32.786421824
32.802805824
32.802805824
32.819189824
32.819189824
32.835573824
32.835573824
32.851957824
32.851957824
32.868341824
32.868341824
32.884725824
32.884725824
32.901109824
32.901109824
32.917493824
32.917493824
32.933877824
32.933877824
32.950261824
32.950261824
32.966645824
32.966645824
32.983029824
32.983029824
32.999413824
32.999413824
33.015797824
33.015797824
33.032181824
33.032181824
33.048565824
33.048565824
33.064949824
33.064949824
33.081333824
33.081333824
33.097717824
33.097717824
33.114101824
33.114101824
33.130485824
33.130485824
33.146869824
33.146869824
33.163253824
33.163253824
33.179637824
33.179637824
33.196021824
33.196021824
33.212405824
33.212405824
33.228789824
33.228789824
33.245173824
33.245173824
33.261557824
33.261557824
33.277941824
33.277941824
33.294325824
33.294325824
33.310709824
33.310709824
33.327093824
33.327093824
33.343477824
33.343477824
33.359861824
33.359861824
33.376245824
33.376245824
33.392629824
33.392629824
33.409013824
33.409013824
33.425397824
33.425397824
33.441781824
33.441781824
33.458165824
33.458165824
33.474549824
33.474549824
33.490933824
33.490933824
33.507317824
33.507317824
33.523701824
33.523701824
33.540085824
33.540085824
33.556469824
33.556469824
33.572853824
33.572853824
33.589237824
33.589237824
33.605621824
33.605621824
33.622005824
33.622005824
34.067300488
34.067300488
34.083684488
34.083684488
34.100068488
34.100068488
34.116452488
34.116452488
34.132836488
34.132836488
34.149220488
34.149220488
34.165604488
34.165604488
34.181988488
34.181988488
34.198372488
34.198372488
34.214756488
34.214756488
34.231140488
34.231140488
34.247524488
34.247524488
34.263908488
34.263908488
34.280292488
34.280292488
34.296676488
34.296676488
34.313060488
34.313060488
34.329444488
34.329444488
34.345828488
34.345828488
34.362212488
34.362212488
34.378596488
34.378596488
34.394980488
34.394980488
34.411364488
34.411364488
34.427748488
34.427748488
34.444132488
34.444132488
34.460516488
34.460516488
