7.619914848
7.648644302
7.682153757
7.717483212
7.754452666
7.778722121
7.798131575
7.821441030
7.858170484
7.893619939
7.929869393
7.957658848
7.991788302
8.015477757
8.044207212
8.077756666
8.101206121
8.154975575
8.197985030
8.247734484
8.299023939
8.336093393
8.378442848
8.413292302
8.459681757
8.496991212
8.519920666
8.560410121
8.611079575
8.669229030
8.712558484
8.755227939
8.786197393
8.828306848
8.874616302
8.911025757
8.942295212
8.991444666
9.020214121
9.065483575
9.095073030
9.125682484
9.175491939
9.217101393
9.257350848
9.285520302
9.322669757
9.355879212
9.410648666
9.451458121
9.483167575
9.502857030
9.549446484
9.578955939
9.605805393
9.631074848
9.676884302
9.719713757
9.739983212
9.773052666
9.811422121
9.847691575
9.886361030
9.928590484
9.958659939
10.016589393
10.041418848
10.081428302
10.110037757
10.144307212
10.177056666
10.212946121
10.258415575
10.283905030
10.328234484
10.350183939
10.393313393
10.423842848
10.472072302
10.507201757
10.538931212
10.572500666
10.611690121
10.642339575
10.671769030
10.705898484
10.748907939
10.787877393
10.814626848
10.860936302
10.883725757
10.924455212
40.000000000
