1.378137674
1.379190956
1.380264238
1.381377520
1.382390802
1.393681674
1.410805674
1.426549674
1.443153675
1.459257675
1.476081675
1.492345675
1.508729675
1.525453675
1.541557675
1.557981675
1.573805675
1.591109675
1.607373675
1.623537675
1.640201675
1.656765675
1.672489675
1.689153675
1.705877675
1.721861675
1.738405675
1.754589675
1.771053675
1.787277675
1.804041675
1.820045675
1.836049675
1.852993675
1.869117675
1.885681675
1.901745675
1.918409675
1.934933675
1.951537675
1.967681676
1.983785676
1.999769676
2.016593676
2.033057676
2.049241676
2.066185676
2.082329676
2.098853676
2.114477676
2.131621676
2.147765676
2.163989676
2.180413676
2.197097676
2.213421676
2.229565676
2.246109676
2.262313676
2.279297676
2.295001676
2.311445676
2.328329676
2.344953676
2.361217676
2.376961676
2.393365676
2.409749677
2.426353677
2.442497677
2.458961677
2.475545677
2.491969677
2.508513677
2.524697677
2.541001677
2.557145677
2.573769677
2.590213677
2.606917677
2.623361677
2.639145677
2.656009677
2.672473677
2.688717677
2.705101677
2.721425677
2.737549677
2.753973677
2.770357677
2.786481678
2.803065678
2.819849678
2.836393678
2.852457678
2.868481678
2.885305678
2.901509678
2.917913678
2.934217678
2.950401678
2.966945678
2.983409678
2.999913678
3.016037678
3.032401678
3.049225678
3.064869678
3.082133678
3.098317678
3.114421678
3.130805679
3.147389679
3.163493679
3.179657679
3.196601679
3.212765679
3.229109679
3.245393679
3.261897679
3.278601679
3.294345679
3.311009679
3.327333679
3.343397679
3.360421679
3.376965679
3.393329679
3.409353679
3.425397679
3.441961680
3.458625680
3.474809680
3.491693680
3.507557680
3.524001680
3.540265680
3.556549680
3.573413680
3.589417680
3.606041680
3.622385680
3.638529680
3.655293680
3.671417680
3.688301680
3.704445680
3.720389680
3.737293681
3.753477681
3.769881681
3.786325681
3.802309681
3.818793681
3.835617681
3.851701681
3.867785681
3.884229681
3.901333681
3.917077681
3.933981681
3.950165681
3.966109681
3.982873681
3.999217682
4.015641682
4.032225682
4.048569682
4.065013682
4.081017682
4.097541682
4.113705682
4.130449682
4.146553682
4.163517682
4.179481682
4.196045682
4.211949682
4.228673682
4.245237682
4.260961683
4.278005683
4.294149683
4.310513683
4.326897683
4.343061683
4.359585683
4.375829683
4.392253683
4.408397683
4.424881683
4.441825683
4.457989683
4.474533683
4.490697683
4.507461684
4.523365684
4.540369684
4.556513684
4.573017684
4.588481684
4.605565684
4.621569684
4.638093684
4.654337684
4.670601684
4.687845684
4.703109684
4.720233684
4.736757685
4.752501685
4.769265685
4.785609685
4.802113685
4.818157685
4.834481685
4.850765685
4.867849685
4.883933685
4.900237685
4.916421685
4.933345685
4.949709685
4.965933686
4.982177686
4.998061686
5.014865686
5.031529686
5.047853686
5.063797686
5.080841686
5.096825686
5.113229686
5.129313686
5.146357686
5.162381686
5.179025687
5.195449687
5.211873687
5.227897687
5.244301687
5.260545687
5.276909687
5.293773687
16.020832597
16.023882343
16.030724597
16.039321000
16.041910745
16.050164596
16.060584596
16.070604596
16.080384596
16.090884595
16.100744595
16.110784595
16.120964595
16.130584594
16.140984594
16.150984594
16.160864594
16.170484594
16.180264593
16.190524593
16.200864593
16.210984593
16.220424592
16.230944592
16.240484592
16.250844592
16.260204592
16.270704591
16.280644591
16.290844591
16.300604591
16.310684590
16.320984590
16.330144590
16.340444590
16.343709257
16.350964590
16.361586075
16.362759018
16.370624589
16.376657256
16.380584589
16.392821256
16.409605256
16.425849255
16.442393255
16.458777255
16.475141254
16.491625254
16.508349253
16.523893253
16.540577253
16.557301252
16.573605252
16.590349252
16.606533251
16.622857251
16.638901251
16.655185250
16.671869250
16.688353249
16.704237249
16.721141249
16.737225248
16.753829248
16.769813248
16.786477247
16.802701247
16.819685247
16.836089246
16.852233246
16.868577245
16.884961245
16.901245245
16.917229244
16.934353244
16.950257244
16.966381243
16.982765243
16.998949243
17.016233242
17.032217242
17.048821241
17.065125241
17.081549241
17.097773240
17.114277240
17.130501240
17.146845239
17.163449239
17.180033239
17.195917238
17.212681238
17.228765238
17.245269237
17.262073237
17.278017236
17.294601236
17.310905236
17.327209235
17.343573235
17.360317235
17.376141234
17.392825234
17.408929234
17.425393233
17.441597233
17.458621233
17.474685232
17.490949232
17.507253231
17.523857231
17.540261231
17.556145230
17.572509230
17.589573230
17.605597229
17.621861229
17.638545229
17.654849228
17.671273228
17.687637228
17.703981227
17.720325227
17.737069226
17.753073226
17.769377226
17.785461225
17.802145225
17.818749225
17.835133224
17.851137224
17.867941224
17.884285223
17.900489223
17.916893223
17.933517222
17.949301222
17.966085221
17.982869221
17.998913221
18.015077220
18.031541220
18.048105220
18.175836129
18.299671605
18.315755605
18.332259604
18.348903604
18.364487604
18.381271603
18.397995603
18.413699603
18.430463602
18.447067602
18.462631602
18.479275601
18.496059601
18.512683600
18.832015769
18.848079768
18.865023768
18.881267768
18.897191767
18.913855767
18.930199767
18.946703766
18.962927766
18.978971766
18.995595765
19.011779765
19.028663765
19.045147764
19.061711764
19.077575763
19.094199763
19.110883763
19.126987762
19.143471762
19.159775762
19.175639761
19.594995870
19.611699870
19.627763869
19.643967869
19.660651869
19.676915868
19.693039868
19.709223868
19.725687867
19.742731867
19.758435867
19.775299866
19.790843866
19.807587866
19.824191865
19.840515865
19.857239864
19.873283864
19.889667864
19.906111863
19.922735863
19.938739863
19.955723862
19.971827862
19.987971862
20.004775861
20.020419861
20.036583861
20.053507860
20.069751860
20.085755860
20.102499859
20.118983859
20.135047859
20.151871858
20.168455858
20.184839858
20.201063857
20.703517969
20.720501969
20.736765968
20.752529968
20.769253968
20.785717967
20.801981967
20.818345967
20.835029966
20.851273966
20.867697966
20.883681965
20.900125965
20.916729965
20.932893964
20.971534426
20.987958426
21.004322426
21.020486425
21.036930425
21.053514424
21.069598424
21.086402424
21.102946423
21.119210423
21.135574423
25.204747394
25.215393908
25.217923315
25.223819394
25.229131822
25.234219394
25.246295822
25.262719822
25.278723822
25.294987822
25.311611822
25.327915822
25.344479822
25.360263822
25.377587822
25.393931822
25.409595822
26.156592419
26.173276419
26.189060419
26.205704419
26.222128419
26.238432420
26.254756420
26.271300420
26.287304420
26.304048420
26.320292420
26.337096420
26.406029223
26.422313224
26.438557224
26.455161224
26.470925224
26.487429224
26.504413224
26.520437224
26.537301224
27.278027669
27.294491669
27.310475670
27.326619670
27.343263670
27.359467670
27.376011670
27.393035670
27.561570362
28.844207817
28.860991818
28.877455818
28.893659818
28.910243818
28.927367818
28.943271819
28.959015819
28.975619819
28.992183819
29.008287819
29.024631820
29.040915820
29.057079820
29.073623820
29.090607820
29.106751821
29.122835821
29.139759821
29.155243821
29.172667822
29.188431822
29.205175822
29.221739822
29.237403822
29.254167823
29.270331823
29.286415823
29.303019823
29.320283824
29.336207824
29.352791824
29.369075824
29.385339824
29.401123825
29.418527825
29.434131825
29.450895825
29.467059826
29.483603826
29.501027826
29.516271826
29.532455827
29.549219827
29.565003827
29.582047827
29.597591827
29.614915828
29.630879828
29.647843828
29.664027828
29.679591829
29.697135829
29.713019829
29.729183829
29.745867830
29.761371830
29.778495830
29.794519830
29.811363831
29.826947831
29.844411831
29.859915831
29.876419832
29.893183832
29.909227832
29.925791832
29.942875833
29.958879833
29.975703833
29.991747833
30.008351834
30.024815834
30.041139834
30.057063835
30.073227835
30.089711835
30.106615835
30.121899836
30.139563836
30.155607836
30.171191836
30.187575837
30.203579837
30.220623837
30.237087837
30.253751838
30.270635838
30.286419838
30.302223839
30.319607839
30.336051839
30.352255839
30.368199840
30.384843840
30.401227840
30.437204793
30.453468793
30.470292794
30.486876794
30.502740794
30.519604795
30.535668795
30.552552795
30.568556795
30.585080796
30.601004796
30.616848796
30.634272797
30.650496797
30.666260797
30.683404797
31.594330935
31.611254936
31.627838936
31.644402936
31.660426937
31.677670937
31.693294937
31.710218938
31.725982938
31.742486938
31.759230939
31.774834939
31.791598939
31.807722940
31.824506940
31.840990940
31.857034941
31.874078941
31.890282941
31.906426942
31.923190942
31.939254943
31.955458943
31.971662943
31.989006944
32.004290944
32.020474944
32.037398945
32.054302945
32.070346945
32.086070946
32.102774946
32.119358946
32.134882947
32.152306947
32.168850948
32.185174948
32.201118948
32.217662949
32.234026949
32.250410949
32.266754950
32.283738950
32.299422950
32.316346951
32.332030951
32.348234952
32.365058952
32.380682952
32.397986953
32.413910953
32.430854953
32.447738954
32.463762954
32.479146955
32.496410955
32.512234955
32.528398956
32.545782956
32.561386956
32.578710957
32.593954957
32.610958958
32.626782958
32.643326958
32.659910959
32.675654959
32.692778960
32.709002960
32.725426960
32.741510961
32.757894961
32.774578961
32.791242962
32.807146962
32.824170963
32.839954963
32.856418963
32.872602964
32.889366964
32.905890965
32.921374965
32.938958965
32.954482966
32.970846966
32.987990967
33.004014967
33.019978967
33.036762968
33.053786968
33.069310969
33.086834969
33.102398969
33.119602970
33.135226970
33.151110971
33.167334971
33.183618971
33.200582972
33.216606972
33.233550973
33.249394973
33.266078973
33.282382974
33.299126974
33.315030975
33.332454975
33.348378976
33.364142976
33.380886976
33.396970977
33.412954977
33.430378978
33.446302978
33.463026978
33.479710979
33.495214979
33.511518980
33.528182980
33.544946981
33.560530981
33.578014981
33.593798982
33.610042982
33.627226983
34.072061659
34.088425659
34.105389659
34.121233660
34.137537660
34.154061661
34.170285661
34.187089662
34.202753662
34.219017663
34.235381663
34.252365663
34.269129664
34.285533664
34.301297665
34.317781665
34.333825666
34.350249666
34.366433667
34.382597667
34.399681668
34.415985668
34.432209668
34.448393669
34.464917669
