1.309984774
1.326368774
1.342752774
1.359136774
1.375520774
1.391904774
1.408288774
1.424672774
1.441056774
1.457440774
1.473824774
1.490208774
1.506592774
1.522976774
1.539360774
1.555744774
1.572128774
1.588512774
1.604896774
1.621280774
1.637664774
1.654048774
1.670432774
1.686816774
1.703200774
1.719584774
1.735968774
1.752352774
1.768736774
1.785120774
1.801504774
1.817888774
1.834272774
1.850656774
1.867040774
1.883424774
1.899808774
1.916192774
1.932576774
1.948960774
1.965344774
1.981728774
1.998112774
2.014496774
2.030880774
2.047264774
2.063648774
2.080032774
2.096416774
2.112800774
2.129184774
2.145568774
2.161952774
2.178336774
2.194720774
2.211104774
2.227488774
2.243872774
2.260256774
2.276640774
2.293024774
2.309408774
2.325792774
2.342176774
2.358560774
2.374944774
2.391328774
2.407712774
2.424096774
2.440480774
2.456864774
2.473248774
2.489632774
2.506016774
2.522400774
2.538784774
2.555168774
2.571552774
2.587936774
2.604320774
2.620704774
2.637088774
2.653472774
2.669856774
2.686240774
2.702624774
2.719008774
2.735392774
2.751776774
2.768160774
2.784544774
2.800928774
2.817312774
2.833696774
2.850080774
2.866464774
2.882848774
2.899232774
2.915616774
2.932000774
2.948384774
2.964768774
2.981152774
2.997536774
3.013920774
3.030304774
3.046688774
3.063072774
3.079456774
3.095840774
3.112224774
3.128608774
3.144992774
3.161376774
3.177760774
3.194144774
3.210528774
3.226912774
3.243296774
3.259680774
3.276064774
3.292448774
3.308832774
3.325216774
3.341600774
3.357984774
3.374368774
3.390752774
3.407136774
3.423520774
3.439904774
3.456288774
3.472672774
3.489056774
3.505440774
3.521824774
3.538208774
3.554592774
3.570976774
3.587360774
3.603744774
3.620128774
3.636512774
3.652896774
3.669280774
3.685664774
3.702048774
3.718432774
3.734816774
3.751200774
3.767584774
3.783968774
3.800352774
3.816736774
3.833120774
3.849504774
3.865888774
3.882272774
3.898656774
3.915040774
3.931424774
3.947808774
3.964192774
3.980576774
3.996960774
4.013344774
4.029728774
4.046112774
4.062496774
4.078880774
4.095264774
4.111648774
4.128032774
4.144416774
4.160800774
4.177184774
4.193568774
4.209952774
4.226336774
4.242720774
4.259104774
4.275488774
4.291872774
4.308256774
4.324640774
4.341024774
4.357408774
4.373792774
4.390176774
4.406560774
4.422944774
4.439328774
4.455712774
4.472096774
4.488480774
4.504864774
4.521248774
4.537632774
4.554016774
4.570400774
4.586784774
4.603168774
4.619552774
4.635936774
4.652320774
4.668704774
4.685088774
4.701472774
4.717856774
4.734240774
4.750624774
4.767008774
4.783392774
4.799776774
4.816160774
4.832544774
4.848928774
4.865312774
4.881696774
4.898080774
4.914464774
4.930848774
4.947232774
4.963616774
4.980000774
4.996384774
5.012768774
5.029152774
5.045536774
5.061920774
5.078304774
5.094688774
5.111072774
5.127456774
5.143840774
5.160224774
5.176608774
5.192992774
5.209376774
5.225760774
5.242144774
5.258528774
5.274912774
5.291296774
7.591300393
7.607684393
7.624068393
7.640452393
7.656836393
7.673220393
7.689604393
7.705988393
7.722372393
7.738756393
7.755140393
7.771524393
7.787908393
7.804292393
7.820676393
7.837060393
7.853444393
7.869828393
8.059856507
8.076240507
8.092624507
8.109008507
8.125392507
8.141776507
8.158160507
8.174544507
8.190928507
8.207312507
8.223696507
8.240080507
8.256464507
8.272848507
8.289232507
8.305616507
8.322000507
8.338384507
8.354768507
8.371152507
8.387536507
8.403920507
8.420304507
8.436688507
8.453072507
8.469456507
8.485840507
8.502224507
8.518608507
8.534992507
8.551376507
8.567760507
8.584144507
8.600528507
8.616912507
8.633296507
8.649680507
8.666064507
8.682448507
8.698832507
8.715216507
8.731600507
8.747984507
8.764368507
8.780752507
8.797136507
8.813520507
8.829904507
8.846288507
8.862672507
8.879056507
8.895440507
8.911824507
8.928208507
8.944592507
8.960976507
8.977360507
8.993744507
9.010128507
9.026512507
9.042896507
9.059280507
9.075664507
9.092048507
9.108432507
9.124816507
9.141200507
9.157584507
9.173968507
9.190352507
9.206736507
9.223120507
9.239504507
9.255888507
14.068501848
14.084885848
14.101269848
14.117653848
14.134037848
14.150421848
14.166805848
14.183189848
14.199573848
14.215957848
14.232341848
14.248725848
14.265109848
14.281493848
14.297877848
14.314261848
14.330645848
14.347029848
14.363413848
14.379797848
14.396181848
14.412565848
14.428949848
14.445333848
14.461717848
14.478101848
14.494485848
14.510869848
14.527253848
14.543637848
14.560021848
14.576405848
14.592789848
14.609173848
15.971428476
15.987812476
16.004196476
16.020580476
16.036964476
16.341912740
16.358296740
16.374680740
16.391064740
16.407448740
16.423832740
16.440216740
16.456600740
16.472984740
16.489368740
16.505752740
16.522136740
16.538520740
16.554904740
16.571288740
16.587672740
16.604056740
16.620440740
16.636824740
16.653208740
16.669592740
16.685976740
16.702360740
16.718744740
16.735128740
16.751512740
16.767896740
16.784280740
16.800664740
16.817048740
16.833432740
16.849816740
16.866200740
16.882584740
16.898968740
16.915352740
16.931736740
16.948120740
16.964504740
16.980888740
16.997272740
17.013656740
17.030040740
17.046424740
17.062808740
17.079192740
17.095576740
17.111960740
17.128344740
17.144728740
17.161112740
17.177496740
17.193880740
17.210264740
17.226648740
17.243032740
17.259416740
17.275800740
17.292184740
17.308568740
17.324952740
17.341336740
17.357720740
17.374104740
17.390488740
17.406872740
17.423256740
17.439640740
17.456024740
17.472408740
17.488792740
17.505176740
17.521560740
17.537944740
17.554328740
17.570712740
17.587096740
17.603480740
17.619864740
17.636248740
17.652632740
17.669016740
17.685400740
17.701784740
17.718168740
17.734552740
17.750936740
17.767320740
17.783704740
17.800088740
17.816472740
17.832856740
17.849240740
17.865624740
17.882008740
17.898392740
17.914776740
17.931160740
17.947544740
17.963928740
17.980312740
17.996696740
18.013080740
18.029464740
18.045848740
18.173879652
18.297015130
18.313399130
18.329783130
18.346167130
18.362551130
18.378935130
18.395319130
18.411703130
18.428087130
18.444471130
18.460855130
18.477239130
18.493623130
18.510007130
18.829659306
18.846043306
18.862427306
18.878811306
18.895195306
18.911579306
18.927963306
18.944347306
18.960731306
18.977115306
18.993499306
19.009883306
19.026267306
19.042651306
19.059035306
19.075419306
19.091803306
19.108187306
19.124571306
19.140955306
19.157339306
19.173723306
19.592559423
19.608943423
19.625327423
19.641711423
19.658095423
19.674479423
19.690863423
19.707247423
19.723631423
19.740015423
19.756399423
19.772783423
19.789167423
19.805551423
19.821935423
19.838319423
19.854703423
19.871087423
19.887471423
19.903855423
19.920239423
19.936623423
19.953007423
19.969391423
19.985775423
20.002159423
20.018543423
20.034927423
20.051311423
20.067695423
20.084079423
20.100463423
20.116847423
20.133231423
20.149615423
20.165999423
20.182383423
20.198767423
20.701521546
20.717905546
20.734289546
20.750673546
20.767057546
20.783441546
20.799825546
20.816209546
20.832593546
20.848977546
20.865361546
20.881745546
20.898129546
20.914513546
20.930897546
20.969458008
20.985842008
21.002226008
21.018610008
21.034994008
21.051378008
21.067762008
21.084146008
21.100530008
21.116914008
21.133298008
25.142950778
25.159334778
25.175718778
25.192102778
25.208486778
25.224870778
25.241254778
25.257638778
25.274022778
25.290406778
25.306790778
25.323174778
25.339558778
25.355942778
25.372326778
25.388710778
25.405094778
26.151971374
26.168355374
26.184739374
26.201123374
26.217507374
26.233891374
26.250275374
26.266659374
26.283043374
26.299427374
26.315811374
26.332195374
26.401048178
26.417432178
26.433816178
26.450200178
26.466584178
26.482968178
26.499352178
26.515736178
26.532120178
27.273086619
27.289470619
27.305854619
27.322238619
27.338622619
27.355006619
27.371390619
27.387774619
27.557369309
28.839966752
28.856350752
28.872734752
28.889118752
28.905502752
28.921886752
28.938270752
28.954654752
28.971038752
28.987422752
29.003806752
29.020190752
29.036574752
29.052958752
29.069342752
29.085726752
29.102110752
29.118494752
29.134878752
29.151262752
29.167646752
29.184030752
29.200414752
29.216798752
29.233182752
29.249566752
29.265950752
29.282334752
29.298718752
29.315102752
29.331486752
29.347870752
29.364254752
29.380638752
29.397022752
29.413406752
29.429790752
29.446174752
29.462558752
29.478942752
29.495326752
29.511710752
29.528094752
29.544478752
29.560862752
29.577246752
29.593630752
29.610014752
29.626398752
29.642782752
29.659166752
29.675550752
29.691934752
29.708318752
29.724702752
29.741086752
29.757470752
29.773854752
29.790238752
29.806622752
29.823006752
29.839390752
29.855774752
29.872158752
29.888542752
29.904926752
29.921310752
29.937694752
29.954078752
29.970462752
29.986846752
30.003230752
30.019614752
30.035998752
30.052382752
30.068766752
30.085150752
30.101534752
30.117918752
30.134302752
30.150686752
30.167070752
30.183454752
30.199838752
30.216222752
30.232606752
30.248990752
30.265374752
30.281758752
30.298142752
30.314526752
30.330910752
30.347294752
30.363678752
30.380062752
30.396446752
30.432663704
30.449047704
30.465431704
30.481815704
30.498199704
30.514583704
30.530967704
30.547351704
30.563735704
30.580119704
30.596503704
30.612887704
30.629271704
30.645655704
30.662039704
30.678423704
31.590389824
31.606773824
31.623157824
31.639541824
31.655925824
31.672309824
31.688693824
31.705077824
31.721461824
31.737845824
31.754229824
31.770613824
31.786997824
31.803381824
31.819765824
31.836149824
31.852533824
31.868917824
31.885301824
31.901685824
31.918069824
31.934453824
31.950837824
31.967221824
31.983605824
31.999989824
32.016373824
32.032757824
32.049141824
32.065525824
32.081909824
32.098293824
32.114677824
32.131061824
32.147445824
32.163829824
32.180213824
32.196597824
32.212981824
32.229365824
32.245749824
32.262133824
32.278517824
32.294901824
32.311285824
32.327669824
32.344053824
32.360437824
32.376821824
32.393205824
32.409589824
32.425973824
32.442357824
32.458741824
32.475125824
32.491509824
32.507893824
32.524277824
32.540661824
32.557045824
32.573429824
32.589813824
32.606197824
32.622581824
32.638965824
32.655349824
32.671733824
32.688117824
32.704501824
32.720885824
32.737269824
32.753653824
32.770037824
32.786421824
32.802805824
32.819189824
32.835573824
32.851957824
32.868341824
32.884725824
32.901109824
32.917493824
32.933877824
32.950261824
32.966645824
32.983029824
32.999413824
33.015797824
33.032181824
33.048565824
33.064949824
33.081333824
33.097717824
33.114101824
33.130485824
33.146869824
33.163253824
33.179637824
33.196021824
33.212405824
33.228789824
33.245173824
33.261557824
33.277941824
33.294325824
33.310709824
33.327093824
33.343477824
33.359861824
33.376245824
33.392629824
33.409013824
33.425397824
33.441781824
33.458165824
33.474549824
33.490933824
33.507317824
33.523701824
33.540085824
33.556469824
33.572853824
33.589237824
33.605621824
33.622005824
34.067300488
34.083684488
34.100068488
34.116452488
34.132836488
34.149220488
34.165604488
34.181988488
34.198372488
34.214756488
34.231140488
34.247524488
34.263908488
34.280292488
34.296676488
34.313060488
34.329444488
34.345828488
34.362212488
34.378596488
34.394980488
34.411364488
34.427748488
34.444132488
34.460516488
